0.0426637, 0.1088928, 0.4579263, 0.8812637,-0.09776441, 0.2463223, 0.4738078, 0.8398057,-0.3241338, 0.1070694, 0.5231678, 0.7808769,-0.4917763, -0.01358769, 0.5338388, 0.687741,-0.1051907, -0.02038783, -0.07179756, 0.9916473,-0.5789434, -0.02247411, -0.08963571, 0.8101141,0.9416629, -0.03372873, 0.08603499, -0.3236221,0.9955859, -0.05869215, 0.07137841, -0.0164033,-0.1026042, -0.09745254, -0.1487496, 0.9786975,-0.5656717, -0.008196507, -0.1754446, 0.8057094,0.9209804, -0.09194214, 0.1496483, -0.3477746,0.9820375, -0.1310078, 0.1169826, -0.06895244,-0.09674277, -0.1756048, -0.1753591, 0.9638739,-0.5336858, -0.04631021, -0.2260528, 0.8135939,0.901852, -0.09056883, 0.2122305, -0.365265,0.970969, -0.1527291, 0.1729691, -0.06304479,-0.05474423, -0.2484833, -0.2392043, 0.9370381,-0.4826104, -0.03230277, -0.2933664, 0.8246089,0.8606451, -0.136907, 0.2614646, -0.4149491,0.9488983, -0.2146599, 0.2025548, -0.1117352,1695797840850
0.04288461, 0.1087327, 0.4577845, 0.8813464,-0.09794424, 0.245976, 0.4738216, 0.8398785,-0.3241034, 0.1068822, 0.5230557, 0.7809904,-0.4915427, -0.01356679, 0.5336919, 0.6880224,-0.1049446, -0.02039208, -0.07199926, 0.9916586,-0.5788199, -0.02224958, -0.08977596, 0.8101931,0.9416341, -0.03399984, 0.08601615, -0.3236828,0.9955758, -0.05893836, 0.07128139, -0.01655061,-0.102373, -0.09743758, -0.1489679, 0.9786901,-0.5655831, -0.007966784, -0.1755924, 0.8057417,0.9209123, -0.09220961, 0.1496447, -0.3478856,0.981996, -0.1312493, 0.1169178, -0.06919296,-0.09652924, -0.1755837, -0.1755937, 0.9638565,-0.5337247, -0.04611803, -0.2262585, 0.8135221,0.901807, -0.09082296, 0.2122993, -0.365273,0.9709261, -0.1529845, 0.1729611, -0.06310838,-0.05454877, -0.2484533, -0.23945, 0.9369947,-0.4827133, -0.03193099, -0.2935077, 0.8245129,0.8606273, -0.1372632, 0.2613909, -0.4149148,0.9488721, -0.2149758, 0.2023655, -0.1116933,1695797840859
0.04300872, 0.1085265, 0.4578659, 0.8813235,-0.09819576, 0.2455495, 0.4740177, 0.8398632,-0.3241181, 0.1065676, 0.5230972, 0.7809994,-0.4913509, -0.01372125, 0.5336657, 0.6881765,-0.1047226, -0.02050781, -0.07195742, 0.9916828,-0.578773, -0.02224517, -0.08976364, 0.810228,0.9416531, -0.03400609, 0.08599968, -0.3236311,0.9955773, -0.05893604, 0.07126641, -0.01653967,-0.1021394, -0.09753507, -0.1489429, 0.9787086,-0.5655848, -0.007955178, -0.175591, 0.8057409,0.9209101, -0.09221705, 0.1496379, -0.3478925,0.9819939, -0.1312511, 0.1169128, -0.06922834,-0.09629075, -0.1756733, -0.1755856, 0.9638655,-0.5338532, -0.04611129, -0.2263057, 0.813425,0.9018345, -0.09084204, 0.21234, -0.3651766,0.9709244, -0.1530221, 0.1729878, -0.06297113,-0.05430362, -0.2485234, -0.2394538, 0.9369894,-0.482882, -0.03172876, -0.2934779, 0.8244326,0.8606935, -0.1373962, 0.2612629, -0.414814,0.9489059, -0.2150673, 0.2021932, -0.1115414,1695797840877
0.042796, 0.108373, 0.4579315, 0.8813186,-0.09894574, 0.2451848, 0.4741766, 0.8397921,-0.3245607, 0.1063471, 0.523115, 0.7808338,-0.4915799, -0.01381205, 0.5336368, 0.6880335,-0.104813, -0.02075676, -0.07190387, 0.9916719,-0.5789546, -0.02247052, -0.08983567, 0.810084,0.9417123, -0.03386307, 0.08618969, -0.3234234,0.9955686, -0.05885582, 0.0714938, -0.01636531,-0.1022044, -0.09778924, -0.1488813, 0.9786858,-0.5658239, -0.008185619, -0.1756719, 0.8055531,0.9209682, -0.09205748, 0.1498434, -0.3476924,0.9820009, -0.1311721, 0.1171388, -0.06889526,-0.09634192, -0.1759265, -0.1755152, 0.963827,-0.5341909, -0.04628324, -0.2263812, 0.8131725,0.9019138, -0.09071167, 0.2125135, -0.3649123,0.9709285, -0.1529865, 0.1731639, -0.06250706,-0.05433125, -0.248774, -0.2393676, 0.9369433,-0.4832819, -0.03172601, -0.2934793, 0.8241978,0.8608261, -0.1373561, 0.2612851, -0.4145379,0.9489604, -0.2150712, 0.2021905, -0.1110748,1695797840896
0.0429735, 0.1082323, 0.4581615, 0.8812078,-0.09905837, 0.2448609, 0.4744988, 0.8396913,-0.3245347, 0.1060192, 0.523322, 0.7807505,-0.4913736, -0.01405221, 0.5337682, 0.6880742,-0.1045569, -0.0208029, -0.07168705, 0.9917137,-0.5789183, -0.02246611, -0.08963063, 0.8101328,0.9417623, -0.03376126, 0.08601485, -0.3233349,0.9955883, -0.05870265, 0.07136089, -0.01629758,-0.1019309, -0.09781496, -0.1486866, 0.9787413,-0.5658314, -0.00814447, -0.1754685, 0.8055925,0.9210129, -0.09198406, 0.1496477, -0.3476777,0.9820442, -0.1310535, 0.1169636, -0.06880207,-0.09605318, -0.1759436, -0.1753432, 0.963884,-0.5343316, -0.04628008, -0.2262497, 0.8131168,0.9020199, -0.09065229, 0.2123981, -0.3647319,0.9709789, -0.1529115, 0.1730573, -0.06220284,-0.05403004, -0.2487645, -0.2392183, 0.9370014,-0.483468, -0.03155899, -0.2932925, 0.8241615,0.8609993, -0.1374151, 0.261024, -0.4143233,0.949068, -0.2150672, 0.2018973, -0.1106959,1695797840912
0.04331895, 0.1080723, 0.4581997, 0.8811906,-0.09901214, 0.2445929, 0.4746682, 0.8396791,-0.3244197, 0.1057601, 0.5234027, 0.7807792,-0.4911304, -0.01421607, 0.5337916, 0.6882262,-0.1041788, -0.02075782, -0.07169583, 0.9917538,-0.5786697, -0.02219915, -0.08954336, 0.8103274,0.9417596, -0.03395091, 0.08577967, -0.3233851,0.9955994, -0.05880196, 0.07108547, -0.01646275,-0.1015593, -0.09774065, -0.1487249, 0.9787816,-0.5656193, -0.007892308, -0.1754019, 0.8057584,0.9209823, -0.09217718, 0.1494372, -0.347798,0.9820536, -0.1311852, 0.1166986, -0.06886625,-0.09568794, -0.1758593, -0.1754114, 0.9639233,-0.5343167, -0.04609655, -0.2262768, 0.8131295,0.9020584, -0.09084401, 0.2123051, -0.3646431,0.9709945, -0.1530836, 0.1728915, -0.06199736,-0.0536764, -0.2486563, -0.239315, 0.9370257,-0.4835145, -0.03122203, -0.2932736, 0.8241538,0.8610925, -0.1377213, 0.2608008, -0.4141684,0.9491194, -0.2153091, 0.2015594, -0.1104002,1695797840929
0.04325895, 0.108098, 0.4576699, 0.8814657,-0.09938006, 0.2445734, 0.4742475, 0.839879,-0.3247367, 0.1059174, 0.5229802, 0.7809092,-0.4913938, -0.01391014, 0.5334166, 0.6883352,-0.1043228, -0.02071797, -0.07227471, 0.9916975,-0.5787626, -0.02181554, -0.08999111, 0.8102219,0.941777, -0.03452406, 0.08592094, -0.3232365,0.9955693, -0.05938824, 0.07104474, -0.01635081,-0.1017457, -0.09771249, -0.1492858, 0.9786797,-0.5656993, -0.007632606, -0.1758921, 0.805598,0.9209312, -0.09265614, 0.1497035, -0.3476916,0.9819815, -0.131733, 0.1168021, -0.06867376,-0.09591781, -0.175838, -0.1759532, 0.9638056,-0.5344943, -0.04581113, -0.2267552, 0.8128956,0.9020053, -0.09131241, 0.2125527, -0.3645132,0.9709106, -0.153627, 0.1729605, -0.06177412,-0.05394454, -0.2486678, -0.2398308, 0.9368754,-0.4837614, -0.03095607, -0.2937674, 0.8238431,0.8610126, -0.1381472, 0.2610994, -0.4140045,0.9489959, -0.2158194, 0.2016916, -0.1102232,1695797840946
0.04285736, 0.1085775, 0.4572234, 0.8816581,-0.09994298, 0.2450577, 0.4738294, 0.839907,-0.3252616, 0.1065137, 0.5227069, 0.7807927,-0.4918495, -0.01324478, 0.5332844, 0.6881253,-0.1049734, -0.02048452, -0.07265092, 0.9916062,-0.5792862, -0.02156331, -0.09023008, 0.8098278,0.9419329, -0.03485721, 0.08597336, -0.3227319,0.9955632, -0.05972794, 0.07098603, -0.01572933,-0.1024385, -0.09753169, -0.1496087, 0.9785761,-0.566202, -0.00742198, -0.1761289, 0.8051949,0.9210662, -0.09294023, 0.1497951, -0.3472184,0.9819827, -0.1320447, 0.1167932, -0.06806966,-0.0966402, -0.1756799, -0.176222, 0.9637132,-0.5350323, -0.04555097, -0.2269362, 0.8125057,0.9021537, -0.0915871, 0.2125717, -0.3640657,0.9709152, -0.1539071, 0.1728801, -0.06122714,-0.05469555, -0.2485739, -0.2400524, 0.9368,-0.4843479, -0.03075583, -0.2939795, 0.8234301,0.8611891, -0.1383812, 0.2611906, -0.4135015,0.9490028, -0.2160781, 0.2016931, -0.1096533,1695797840964
0.04365645, 0.1088491, 0.4568308, 0.8817888,-0.09900345, 0.2453289, 0.4736, 0.8400685,-0.3247028, 0.1066358, 0.5226012, 0.7810793,-0.4913849, -0.01311433, 0.5332084, 0.6885185,-0.1044997, -0.01979299, -0.07307502, 0.9916391,-0.5791641, -0.02069944, -0.09027772, 0.8099324,0.9419663, -0.03560715, 0.08550242, -0.3226778,0.9955786, -0.06029724, 0.07030488, -0.01564367,-0.1020556, -0.09680831, -0.150069, 0.9786174,-0.5659745, -0.006468393, -0.1761438, 0.8053598,0.9210147, -0.09375586, 0.1492592, -0.3473666,0.9819658, -0.1326549, 0.1160653, -0.0683721,-0.09631892, -0.1749542, -0.1767202, 0.9637861,-0.5348308, -0.04465933, -0.22703, 0.8126616,0.9021357, -0.09240833, 0.2121268, -0.3641622,0.970919, -0.1545194, 0.1722232, -0.06147597,-0.05446246, -0.2478507, -0.2406019, 0.9368643,-0.4841493, -0.02983907, -0.2940944, 0.8235397,0.8611798, -0.1392659, 0.260743, -0.4135063,0.9489809, -0.2167413, 0.2010102, -0.1097879,1695797840981
0.04380858, 0.1088724, 0.4567503, 0.8818201,-0.09865992, 0.245395, 0.4735065, 0.8401423,-0.3246493, 0.1065531, 0.5225644, 0.7811375,-0.491437, -0.01325723, 0.5331523, 0.688522,-0.1043958, -0.01968481, -0.07316786, 0.9916453,-0.5791046, -0.02050593, -0.09028909, 0.8099785,0.9420281, -0.03579334, 0.08538999, -0.3225064,0.9955853, -0.0604433, 0.07013715, -0.0154082,-0.1019679, -0.09669282, -0.1501695, 0.9786226,-0.5658374, -0.006286158, -0.1761548, 0.8054552,0.9210263, -0.09394332, 0.1491465, -0.3473336,0.9819658, -0.1327993, 0.1159067, -0.06836068,-0.0962432, -0.1748376, -0.1768286, 0.9637949,-0.5346493, -0.04453837, -0.2270626, 0.8127787,0.9021326, -0.0925727, 0.2120646, -0.3641645,0.9709134, -0.1546466, 0.1721206, -0.06153088,-0.0544029, -0.2477335, -0.2407196, 0.9368685,-0.4839344, -0.02980541, -0.2941637, 0.8236424,0.8611468, -0.139388, 0.2607521, -0.4135282,0.9489482, -0.216844, 0.2009959, -0.1098936,1695797840998
0.04389353, 0.1088485, 0.4569197, 0.8817312,-0.09835075, 0.2454764, 0.4736131, 0.8400947,-0.324531, 0.1064738, 0.5227153, 0.7810964,-0.4914387, -0.01346619, 0.5332792, 0.6884184,-0.1042865, -0.01967582, -0.07298967, 0.9916701,-0.5790622, -0.02057752, -0.0901348, 0.8100242,0.9420542, -0.03565438, 0.08530229, -0.3224689,0.9955997, -0.06028992, 0.07009167, -0.01528115,-0.1018477, -0.09667533, -0.150002, 0.9786625,-0.5657012, -0.00633098, -0.1759851, 0.8055875,0.9210433, -0.0938344, 0.1490166, -0.3473735,0.9819941, -0.1326586, 0.1158125, -0.06838659,-0.09611106, -0.1748165, -0.1766724, 0.9638406,-0.53442, -0.04463212, -0.2269031, 0.8129688,0.9021257, -0.09244759, 0.2119681, -0.3642693,0.970937, -0.1544894, 0.1720758, -0.06167852,-0.05426184, -0.2476985, -0.2405769, 0.9369226,-0.4836576, -0.02997825, -0.2940335, 0.8238451,0.861117, -0.1392266, 0.2607113, -0.4136703,0.9489583, -0.2166632, 0.2010261, -0.110108,1695797841015
0.04389351, 0.1087189, 0.4572105, 0.8815963,-0.09813602, 0.2454282, 0.473814, 0.8400206,-0.3244677, 0.106263, 0.5229177, 0.781016,-0.4914544, -0.01379097, 0.5334272, 0.6882862,-0.1041762, -0.01981272, -0.07269357, 0.9917008,-0.5790841, -0.02091495, -0.08998905, 0.8100162,0.9420495, -0.0352904, 0.08538181, -0.3225016,0.9956077, -0.05997927, 0.07027056, -0.01515932,-0.1017059, -0.09680254, -0.1497172, 0.9787083,-0.5656128, -0.006569414, -0.1757939, 0.8056895,0.9210727, -0.09354901, 0.1489806, -0.3473881,0.9820292, -0.1323796, 0.1158545, -0.06835181,-0.09594336, -0.1749376, -0.176399, 0.9638854,-0.5341697, -0.04490526, -0.2267062, 0.8131732,0.9020997, -0.09214785, 0.2119457, -0.3644228,0.9709568, -0.1541871, 0.1721585, -0.06189296,-0.05406681, -0.2477974, -0.2403144, 0.9369751,-0.4833417, -0.03034144, -0.293863, 0.8240781,0.8610666, -0.1388816, 0.260745, -0.4138698,0.9489661, -0.2163304, 0.2011895, -0.1103961,1695797841032
0.04397584, 0.108667, 0.4571554, 0.8816272,-0.09787799, 0.2456541, 0.4737046, 0.8400464,-0.3243167, 0.1064498, 0.5228866, 0.781074,-0.4914969, -0.01373878, 0.5334353, 0.6882506,-0.1040887, -0.01980759, -0.07276955, 0.9917045,-0.5788688, -0.02092056, -0.0900664, 0.8101613,0.9420287, -0.03534934, 0.08544034, -0.3225403,0.9956017, -0.06006164, 0.07030097, -0.01508629,-0.1016246, -0.09679063, -0.149799, 0.9787054,-0.5654297, -0.00656158, -0.1758659, 0.8058023,0.9210928, -0.0936423, 0.1490067, -0.3472984,0.9820253, -0.1324807, 0.1158478, -0.06822396,-0.0958689, -0.1749236, -0.1764867, 0.9638793,-0.5339472, -0.04489524, -0.2267668, 0.8133029,0.9021003, -0.09225439, 0.211962, -0.3643847,0.9709471, -0.154298, 0.1721363, -0.06183048,-0.05399954, -0.2477805, -0.2404061, 0.9369599,-0.4830977, -0.03048795, -0.2939898, 0.8241705,0.8610408, -0.1389096, 0.2608901, -0.4138227,0.9489289, -0.2164089, 0.2013124, -0.1103378,1695797841050
0.04393338, 0.1088042, 0.4570331, 0.8816758,-0.0976976, 0.2460901, 0.4735086, 0.8400502,-0.3242005, 0.1068853, 0.5228253, 0.7811038,-0.4915062, -0.01339049, 0.5334712, 0.688223,-0.1042131, -0.01970272, -0.07287508, 0.9916857,-0.578961, -0.02098123, -0.09018684, 0.8100805,0.9420739, -0.03537457, 0.08557171, -0.3223709,0.9955955, -0.06014184, 0.07040481, -0.01469132,-0.1017646, -0.09669628, -0.1498943, 0.9786856,-0.5655163, -0.006506693, -0.1759326, 0.8057274,0.9211848, -0.09375211, 0.1490139, -0.3470216,0.982043, -0.1326035, 0.1158055, -0.06780105,-0.09601916, -0.1748346, -0.1765718, 0.9638649,-0.5339637, -0.0448045, -0.2267986, 0.8132882,0.9021732, -0.09238639, 0.2119193, -0.3641957,0.9709592, -0.1544169, 0.1720479, -0.06158822,-0.05416189, -0.2477066, -0.2404839, 0.9369501,-0.4830576, -0.03055445, -0.294082, 0.8241587,0.8610917, -0.1389633, 0.2609732, -0.4136462,0.9489173, -0.2164827, 0.2013779, -0.1101735,1695797841067
0.0432103, 0.1090032, 0.4571551, 0.8816237,-0.09847479, 0.2464363, 0.473496, 0.8398651,-0.3247304, 0.1073333, 0.5228851, 0.7807822,-0.4920353, -0.01303336, 0.5336286, 0.6877295,-0.1049045, -0.0199309, -0.07266013, 0.9916241,-0.5794275, -0.02176542, -0.09027621, 0.8097162,0.9421092, -0.03475317, 0.08611472, -0.3221905,0.9955775, -0.05974026, 0.07109591, -0.01421423,-0.1024179, -0.09697679, -0.1496269, 0.9786306,-0.5660256, -0.007128926, -0.1759397, 0.8053629,0.9213505, -0.0932207, 0.1493838, -0.3465654,0.9820911, -0.1322361, 0.1162722, -0.0670176,-0.0966407, -0.1751305, -0.176251, 0.9638078,-0.5343392, -0.04525326, -0.2266624, 0.8130547,0.9022698, -0.09189399, 0.2120829, -0.3639856,0.9709951, -0.15403, 0.1723324, -0.06119541,-0.05473842, -0.2480348, -0.2401105, 0.9369255,-0.4834137, -0.0311495, -0.2939886, 0.8239609,0.8612014, -0.1383701, 0.2612534, -0.4134398,0.9489633, -0.2160311, 0.2018172, -0.1098593,1695797841085
0.04316628, 0.1092926, 0.4571142, 0.8816112,-0.09847172, 0.2468033, 0.4734482, 0.8397846,-0.3246994, 0.1077034, 0.5229389, 0.7807081,-0.4919105, -0.01262434, 0.5337656, 0.6877201,-0.1050956, -0.01970613, -0.07264464, 0.9916095,-0.5796046, -0.02205075, -0.09034564, 0.8095739,0.9420609, -0.03453191, 0.08634881, -0.3222927,0.9955662, -0.0596174, 0.07137461, -0.01411826,-0.1026261, -0.09676861, -0.1495984, 0.9786338,-0.5662525, -0.007121316, -0.1758862, 0.8052151,0.9213896, -0.09316867, 0.1493528, -0.346489,0.9821163, -0.1321943, 0.1162382, -0.0667899,-0.09685363, -0.1749306, -0.17621, 0.9638302,-0.53457, -0.04508287, -0.2265397, 0.8129466,0.9023255, -0.09192196, 0.2119034, -0.3639451,0.9710362, -0.1540029, 0.1721506, -0.06112325,-0.0549628, -0.247853, -0.2400664, 0.9369718,-0.4836662, -0.03096994, -0.2938734, 0.8238606,0.8613243, -0.1384353, 0.2610677, -0.4132794,0.9490239, -0.2160264, 0.2016266, -0.1096945,1695797841102
0.04335736, 0.1094687, 0.4570402, 0.8816184,-0.09815174, 0.247043, 0.4733891, 0.8397849,-0.3244117, 0.1079368, 0.5229505, 0.7807878,-0.4915788, -0.01234579, 0.5338306, 0.6879119,-0.1050361, -0.01944877, -0.07270159, 0.9916167,-0.5796669, -0.02226044, -0.09047583, 0.809509,0.9419692, -0.03440872, 0.08658779, -0.3225099,0.9955494, -0.05958962, 0.07162738, -0.01414199,-0.1025928, -0.09650852, -0.149661, 0.9786534,-0.5663733, -0.007024242, -0.1758954, 0.805129,0.9213632, -0.09322064, 0.1493267, -0.3465563,0.9821229, -0.1322582, 0.1161736, -0.06667913,-0.09683444, -0.1746725, -0.176279, 0.9638664,-0.5347266, -0.04477676, -0.2264878, 0.812875,0.9023311, -0.09209616, 0.2117072, -0.3640012,0.9710618, -0.1541137, 0.171903, -0.06113322,-0.05496738, -0.2475998, -0.2401493, 0.9370172,-0.4838495, -0.03064459, -0.293832, 0.8237799,0.8613917, -0.1386571, 0.2608649, -0.4131924,0.949057, -0.2161656, 0.2013672, -0.1096107,1695797841119
0.04346704, 0.1095703, 0.457034, 0.8816036,-0.09794408, 0.247179, 0.4733832, 0.8397725,-0.3242184, 0.1080627, 0.5229834, 0.7808286,-0.4914, -0.01223088, 0.533891, 0.6879948,-0.1049967, -0.01930409, -0.07269392, 0.9916242,-0.5796871, -0.02248281, -0.09055024, 0.8094801,0.9419248, -0.03425902, 0.08678216, -0.3226032,0.9955385, -0.05951945, 0.07184885, -0.01408115,-0.1025654, -0.09636181, -0.1496575, 0.9786713,-0.5664527, -0.007045922, -0.1758924, 0.8050736,0.9213732, -0.09319043, 0.1493429, -0.346531,0.9821328, -0.1322474, 0.1161826, -0.06653868,-0.09681207, -0.1745266, -0.1762801, 0.9638948,-0.5347954, -0.04462541, -0.2264237, 0.812856,0.9023565, -0.09217231, 0.2115736, -0.3639967,0.9710878, -0.1541532, 0.1717437, -0.06106809,-0.05495585, -0.2474547, -0.2401598, 0.9370535,-0.4839024, -0.03052684, -0.2937885, 0.8237687,0.8614411, -0.1387379, 0.2607592, -0.4131291,0.9490851, -0.2162113, 0.2012368, -0.109517,1695797841137
0.04344993, 0.1097909, 0.4570935, 0.8815461,-0.09775811, 0.2475558, 0.4733835, 0.839683,-0.3239807, 0.1084479, 0.5230821, 0.7808077,-0.4912133, -0.01191611, 0.5340729, 0.6879925,-0.1051148, -0.01913251, -0.0725824, 0.9916232,-0.5797253, -0.02261005, -0.09045283, 0.8094601,0.9419191, -0.03409209, 0.08677937, -0.3226384,0.9955447, -0.05936372, 0.07189491, -0.01406359,-0.1026898, -0.0962007, -0.1495393, 0.9786921,-0.5665448, -0.007067807, -0.1757526, 0.8050392,0.9214117, -0.09308586, 0.1492446, -0.346499,0.9821644, -0.1321257, 0.1161108, -0.06643932,-0.09693293, -0.1743706, -0.1761561, 0.9639336,-0.5348601, -0.04456014, -0.2262404, 0.812868,0.9024194, -0.09212328, 0.211385, -0.3639628,0.9711379, -0.1540502, 0.1715776, -0.06099966,-0.05507943, -0.2473069, -0.2400383, 0.9371164,-0.4839546, -0.03051164, -0.2936316, 0.8237945,0.8615395, -0.1386886, 0.2606069, -0.4130365,0.9491481, -0.2161153, 0.2011086, -0.1093958,1695797841153
0.043408, 0.1100334, 0.4568357, 0.8816516,-0.09749587, 0.2480068, 0.4730595, 0.839763,-0.323762, 0.1089626, 0.5228956, 0.7809517,-0.4910493, -0.01138576, 0.5340066, 0.68817,-0.1053131, -0.01892567, -0.07281671, 0.991589,-0.5798813, -0.02254605, -0.09064256, 0.8093289,0.9418939, -0.03423383, 0.08690479, -0.3226632,0.9955294, -0.05954238, 0.07196598, -0.01402631,-0.1029208, -0.09601092, -0.1497568, 0.9786532,-0.5667058, -0.006874871, -0.1758821, 0.8048992,0.9213927, -0.09328663, 0.1492628, -0.3464876,0.9821492, -0.1323342, 0.1160579, -0.06634097,-0.09718671, -0.17419, -0.1763567, 0.963904,-0.5350181, -0.04431626, -0.2263376, 0.8127503,0.9024118, -0.09233824, 0.211344, -0.3639509,0.9711254, -0.1542369, 0.1714749, -0.06101559,-0.05535976, -0.2471539, -0.2402269, 0.9370919,-0.4841174, -0.03027654, -0.2937353, 0.8236706,0.8615599, -0.1389129, 0.2605769, -0.4129376,0.9491305, -0.2163091, 0.2010161, -0.1093355,1695797841171
0.04328364, 0.1102661, 0.4563284, 0.8818913,-0.09733377, 0.2484649, 0.4724927, 0.8399655,-0.3237048, 0.1095295, 0.522482, 0.7811728,-0.4910689, -0.01076014, 0.5337306, 0.6883801,-0.1056134, -0.01874727, -0.07332466, 0.991523,-0.5800531, -0.02231637, -0.09105008, 0.8091664,0.941852, -0.03463372, 0.08711282, -0.3226867,0.9954969, -0.05998712, 0.07203946, -0.01406167,-0.1032696, -0.09585734, -0.1502364, 0.978558,-0.566851, -0.006604649, -0.1762575, 0.8047172,0.9213179, -0.09368141, 0.149446, -0.346501,0.9820797, -0.1327621, 0.116123, -0.06640037,-0.09757693, -0.1740491, -0.1768073, 0.9638075,-0.5351164, -0.04403012, -0.2266711, 0.8126082,0.9023052, -0.09270129, 0.2114826, -0.3640425,0.9710466, -0.154607, 0.1715083, -0.06123852,-0.05579051, -0.2470572, -0.2406486, 0.9369837,-0.4842275, -0.03005311, -0.2940921, 0.8234867,0.8614374, -0.1392272, 0.2607856, -0.4129556,0.9490066, -0.2166487, 0.2011384, -0.1095132,1695797841189
0.04296465, 0.1102308, 0.4561595, 0.8819987,-0.09763546, 0.2485157, 0.472263, 0.8400446,-0.3239601, 0.1096791, 0.522267, 0.7811898,-0.4913728, -0.01060593, 0.533554, 0.6883025,-0.1058893, -0.01893077, -0.07350136, 0.991477,-0.5801685, -0.02278446, -0.09143914, 0.8090267,0.9417531, -0.03444768, 0.0877132, -0.3228325,0.9954502, -0.06000681, 0.07265969, -0.01409433,-0.1035404, -0.09606107, -0.1503883, 0.9784861,-0.5669873, -0.006890579, -0.1765604, 0.8045523,0.9212751, -0.09358818, 0.1498743, -0.3464552,0.9820281, -0.1328008, 0.1165547, -0.0663301,-0.09785152, -0.1742587, -0.1769331, 0.9637187,-0.5351223, -0.04420918, -0.2268783, 0.8125367,0.9021671, -0.09261239, 0.211781, -0.3642339,0.9709717, -0.1546052, 0.1718297, -0.06152827,-0.05605779, -0.2472873, -0.2407414, 0.9368832,-0.4842113, -0.03035003, -0.2943307, 0.8234001,0.8612708, -0.1390478, 0.2611846, -0.4131112,0.9488952, -0.2166006, 0.2015834, -0.1097552,1695797841207
0.04273434, 0.1105228, 0.4561373, 0.8819848,-0.09789103, 0.248789, 0.4722254, 0.8399551,-0.3241414, 0.109979, 0.5223001, 0.7810503,-0.4914991, -0.01030637, 0.533654, 0.6881394,-0.1062355, -0.01880459, -0.07345407, 0.9914458,-0.5804177, -0.02310697, -0.0914889, 0.8088332,0.941724, -0.03418105, 0.08795343, -0.3228805,0.9954402, -0.05984274, 0.07295886, -0.01394885,-0.1038923, -0.09596284, -0.1503157, 0.9784696,-0.567273, -0.006953811, -0.1764967, 0.8043643,0.9213393, -0.09347136, 0.1498751, -0.3463157,0.9820553, -0.1326995, 0.1165773, -0.06609035,-0.09820054, -0.1741716, -0.1768352, 0.9637169,-0.535322, -0.04420368, -0.2267544, 0.8124401,0.9021755, -0.09248788, 0.2117015, -0.3642907,0.9709945, -0.1544531, 0.1718015, -0.06162944,-0.05640583, -0.2472249, -0.240626, 0.9369084,-0.4844067, -0.03036236, -0.2942124, 0.823327,0.8613284, -0.1389312, 0.2611148, -0.4130747,0.9489337, -0.2164603, 0.2015632, -0.1097362,1695797841223
0.04256921, 0.1106588, 0.4564366, 0.8818209,-0.09822518, 0.248877, 0.4725225, 0.8397229,-0.3243157, 0.1100382, 0.5225982, 0.7807702,-0.4915358, -0.01026129, 0.5339588, 0.6878774,-0.1063984, -0.01880598, -0.07308592, 0.9914556,-0.5805966, -0.02355743, -0.0912782, 0.8087156,0.9417087, -0.03366648, 0.08805242, -0.3229521,0.99545, -0.05939466, 0.07320475, -0.01388335,-0.1040289, -0.0959769, -0.1499394, 0.9785114,-0.5674818, -0.007186528, -0.1761978, 0.8042805,0.9214169, -0.09309015, 0.1497716, -0.3462566,0.9821177, -0.1323137, 0.1165779, -0.06593569,-0.09830765, -0.1741888, -0.1764515, 0.9637732,-0.5354583, -0.04439396, -0.2264258, 0.8124315,0.9022332, -0.09211569, 0.2115518, -0.3643293,0.9710637, -0.1540595, 0.1717706, -0.0616096,-0.05648513, -0.2472389, -0.2402418, 0.9369985,-0.4845126, -0.03048099, -0.2938472, 0.8233907,0.8614507, -0.1386283, 0.2608782, -0.4130707,0.9490548, -0.2161092, 0.2014252, -0.1096347,1695797841240
0.0427692, 0.110758, 0.4568593, 0.8815798,-0.09806874, 0.2488597, 0.4729767, 0.8394906,-0.3241228, 0.109883, 0.5230332, 0.7805808,-0.4911733, -0.01040776, 0.5343498, 0.6878305,-0.1062169, -0.01865579, -0.07260854, 0.991513,-0.5805875, -0.02381707, -0.09087532, 0.8087599,0.9416612, -0.03320361, 0.08788116, -0.323185,0.995479, -0.05891028, 0.07317893, -0.0139996,-0.1038283, -0.09581356, -0.149483, 0.9786186,-0.567458, -0.007194644, -0.1756986, 0.8044063,0.921441, -0.09279122, 0.1493705, -0.3464458,0.9821991, -0.1319184, 0.1162725, -0.06605416,-0.09807847, -0.1740206, -0.1760177, 0.9639062,-0.5354066, -0.04442589, -0.2259603, 0.8125934,0.9022757, -0.09182093, 0.2111887, -0.364509,0.971158, -0.153658, 0.1715254, -0.06180892,-0.05623898, -0.2470442, -0.239842, 0.937167,-0.4844476, -0.03040206, -0.2933456, 0.8236107,0.8615794, -0.1384518, 0.2603978, -0.4131646,0.9492043, -0.2157805, 0.201034, -0.1097055,1695797841258
0.0429916, 0.1109317, 0.4574013, 0.8812661,-0.09787395, 0.2488773, 0.4735495, 0.8391851,-0.3238403, 0.1097509, 0.5235873, 0.7803451,-0.4907374, -0.01057725, 0.5348617, 0.6877411,-0.1060364, -0.01844214, -0.07198501, 0.9915817,-0.5805584, -0.024143, -0.09033375, 0.8088318,0.9416051, -0.03260421, 0.08763582, -0.3234761,0.9955178, -0.05827241, 0.07312591, -0.01418331,-0.1036241, -0.09558726, -0.1488825, 0.9787539,-0.5674113, -0.007249194, -0.1750525, 0.8045797,0.9214764, -0.09237294, 0.148873, -0.3466776,0.9823049, -0.1313833, 0.1159067, -0.06619073,-0.0978369, -0.1737896, -0.1754426, 0.9640773,-0.5353162, -0.04448134, -0.2253372, 0.812823,0.9023358, -0.09142358, 0.2107063, -0.3647393,0.9712819, -0.1531132, 0.1712068, -0.06209757,-0.0559754, -0.246783, -0.239308, 0.9373882,-0.4843536, -0.03039381, -0.2927137, 0.8238911,0.8617351, -0.1381546, 0.259843, -0.4132887,0.9493822, -0.2153009, 0.2006255, -0.1098562,1695797841275
0.042719, 0.1111112, 0.4577844, 0.8810578,-0.09809035, 0.2489669, 0.4738587, 0.8389587,-0.3238905, 0.1098169, 0.5238958, 0.7801079,-0.4906558, -0.01052199, 0.5351783, 0.6875539,-0.1062992, -0.01847173, -0.0715088, 0.9915875,-0.5808562, -0.02462516, -0.09002145, 0.8086383,0.9416381, -0.03200376, 0.08766995, -0.3234307,0.9955365, -0.05771975, 0.07333956, -0.01403064,-0.1038502, -0.09563706, -0.1483915, 0.9787996,-0.567744, -0.007561984, -0.1746728, 0.8044246,0.921603, -0.09187443, 0.1487509, -0.3465258,0.9823918, -0.1308875, 0.1159147, -0.06586726,-0.09802326, -0.1738445, -0.1749375, 0.9641402,-0.5356354, -0.0447311, -0.2249269, 0.8127126,0.9024971, -0.09096267, 0.2105203, -0.3645627,0.9713817, -0.1526234, 0.1711697, -0.06184365,-0.05612273, -0.2468365, -0.2387975, 0.9374955,-0.4846762, -0.03058136, -0.2922785, 0.823849,0.8620026, -0.1377707, 0.2595788, -0.413025,0.9495498, -0.2148531, 0.2004995, -0.109514,1695797841294
0.04271501, 0.1111842, 0.4577244, 0.8810799,-0.09803404, 0.2490168, 0.4737957, 0.838986,-0.3237592, 0.1099389, 0.523837, 0.7801847,-0.4904622, -0.01032538, 0.5351496, 0.6877173,-0.1063489, -0.0184065, -0.07156028, 0.9915797,-0.5808809, -0.02449508, -0.09000993, 0.8086258,0.9415746, -0.0320825, 0.08759286, -0.3236287,0.9955365, -0.05776401, 0.07324695, -0.01432752,-0.1039088, -0.0955762, -0.148439, 0.9787921,-0.5677814, -0.007423562, -0.1746577, 0.8044028,0.9215446, -0.09194742, 0.1486812, -0.3466918,0.9823818, -0.1309338, 0.1158308, -0.06607231,-0.09808751, -0.1737861, -0.174981, 0.9641364,-0.535735, -0.04464547, -0.2249423, 0.8126474,0.9024681, -0.09099919, 0.2105027, -0.3646354,0.9713736, -0.152643, 0.1711501, -0.0619763,-0.05619414, -0.2467851, -0.2388387, 0.9374942,-0.4848042, -0.03035424, -0.2922364, 0.823797,0.8620255, -0.1379016, 0.2594352, -0.4130237,0.9495635, -0.2149163, 0.2003359, -0.1095705,1695797841310
0.04295205, 0.1112017, 0.4575326, 0.8811659,-0.09763567, 0.2490911, 0.4736203, 0.8391095,-0.3233956, 0.1100679, 0.5236865, 0.7804183,-0.4901328, -0.01014464, 0.5350323, 0.688046,-0.1061876, -0.01824753, -0.07178248, 0.9915838,-0.5807058, -0.02416922, -0.09009665, 0.8087516,0.9414947, -0.03239579, 0.08747611, -0.3238614,0.9955308, -0.05801412, 0.07304738, -0.01472694,-0.1037772, -0.09540584, -0.148672, 0.9787873,-0.5676174, -0.007096332, -0.1747458, 0.8045024,0.9214349, -0.09225487, 0.1485783, -0.3469456,0.9823393, -0.1311799, 0.1156646, -0.06650514,-0.09798006, -0.1736142, -0.1752251, 0.9641339,-0.5356755, -0.04436839, -0.2250771, 0.8126644,0.9024017, -0.09128814, 0.2104631, -0.3647504,0.9713376, -0.1528796, 0.1710441, -0.06224953,-0.05611628, -0.246615, -0.2390946, 0.9374784,-0.4847664, -0.02995806, -0.2923278, 0.8238013,0.8619858, -0.1382746, 0.2592935, -0.4130707,0.9495291, -0.2152004, 0.2001044, -0.109734,1695797841329
0.04329216, 0.1111352, 0.4574995, 0.8811747,-0.09713093, 0.2490511, 0.4736072, 0.8391873,-0.322984, 0.1099977, 0.5236705, 0.7806094,-0.489725, -0.01017098, 0.5350017, 0.6883597,-0.1058727, -0.01811962, -0.07185136, 0.9916149,-0.580525, -0.02387089, -0.09005086, 0.8088953,0.9414601, -0.03262068, 0.08726321, -0.3239969,0.9955374, -0.05814859, 0.07278543, -0.01504397,-0.1034797, -0.09525429, -0.1487654, 0.9788194,-0.5674314, -0.00677489, -0.1746977, 0.8046467,0.9213668, -0.09249584, 0.1483567, -0.347157,0.9823223, -0.1313245, 0.1154082, -0.0669159,-0.09769562, -0.1734558, -0.1753434, 0.9641697,-0.5356228, -0.04412438, -0.2251095, 0.8127035,0.9024001, -0.09151873, 0.2103463, -0.3647639,0.9713302, -0.153034, 0.1708855, -0.0624205,-0.05585214, -0.2464415, -0.2392388, 0.937503,-0.4847472, -0.02956444, -0.2923107, 0.8238329,0.8620308, -0.1386189, 0.2590452, -0.4130173,0.9495463, -0.2154307, 0.199773, -0.1097371,1695797841345
0.04330322, 0.1109578, 0.4576221, 0.8811329,-0.09712145, 0.2487836, 0.473722, 0.8392029,-0.3229586, 0.1097229, 0.5237048, 0.7806356,-0.4896058, -0.01036857, 0.5349751, 0.6884623,-0.1057542, -0.01827518, -0.07175209, 0.9916319,-0.580577, -0.02393855, -0.09000933, 0.8088607,0.941473, -0.03253893, 0.08726942, -0.3239658,0.9955392, -0.05806877, 0.07282, -0.0150659,-0.1033417, -0.09539943, -0.1486755, 0.9788335,-0.5674446, -0.006854843, -0.174664, 0.8046441,0.9213411, -0.0923957, 0.148383, -0.3472407,0.9823198, -0.1312328, 0.1154662, -0.06703287,-0.09754591, -0.1735952, -0.1752626, 0.9641745,-0.5357172, -0.04422625, -0.2251115, 0.8126351,0.9024118, -0.09142024, 0.2104126, -0.3647216,0.9713265, -0.1529572, 0.1709832, -0.06240034,-0.05568694, -0.2465651, -0.2391626, 0.9374998,-0.4848723, -0.02957993, -0.2922794, 0.8237697,0.862074, -0.1385726, 0.2590364, -0.4129482,0.9495651, -0.2153849, 0.1997788, -0.1096536,1695797841363
0.04344197, 0.1109844, 0.4575841, 0.8811425,-0.09703347, 0.248689, 0.4737396, 0.8392313,-0.3229168, 0.1096035, 0.5237008, 0.7806723,-0.4894649, -0.01039977, 0.5349461, 0.6885846,-0.1056568, -0.01817535, -0.07179644, 0.9916409,-0.5806804, -0.02368485, -0.08995617, 0.8087999,0.941501, -0.03270945, 0.08708143, -0.3239179,0.9955497, -0.05816661, 0.07259291, -0.01509054,-0.1032564, -0.09529273, -0.1487275, 0.978845,-0.5674744, -0.006616848, -0.1746166, 0.8046354,0.921316, -0.0925469, 0.1482222, -0.3473358,0.9823175, -0.1313216, 0.1152795, -0.06721295,-0.09746861, -0.1734873, -0.1753227, 0.9641908,-0.5358021, -0.04406236, -0.2251197, 0.8125859,0.9024163, -0.0915383, 0.2103357, -0.3647251,0.9713252, -0.1530266, 0.1708895, -0.06250693,-0.05562184, -0.246455, -0.2392326, 0.9375148,-0.4850053, -0.02935165, -0.2922752, 0.8237011,0.8621037, -0.1387331, 0.2589198, -0.4129054,0.9495713, -0.2154841, 0.199632, -0.1096727,1695797841380
0.04356999, 0.110997, 0.457837, 0.8810032,-0.09683751, 0.2485754, 0.4739946, 0.8391436,-0.3227373, 0.1094023, 0.5239196, 0.780628,-0.4892379, -0.01061205, 0.5351149, 0.6886114,-0.1055172, -0.01812048, -0.0715205, 0.9916766,-0.5806225, -0.02362687, -0.08963887, 0.8088783,0.9414861, -0.03256972, 0.08679038, -0.3240533,0.9955758, -0.05793473, 0.07236659, -0.01534171,-0.1031033, -0.0952273, -0.1484661, 0.9789072,-0.5672862, -0.006597738, -0.1743097, 0.8048347,0.9212475, -0.09237991, 0.147964, -0.3476718,0.9823385, -0.13107, 0.1151002, -0.06770252,-0.09729816, -0.1734176, -0.1750767, 0.9642653,-0.5356345, -0.04413247, -0.2248612, 0.8127641,0.9023691, -0.09132782, 0.2101653, -0.3649929,0.9713504, -0.1527351, 0.170828, -0.06299261,-0.05543998, -0.2463669, -0.2390073, 0.9376062,-0.4848685, -0.02945915, -0.2920476, 0.8238586,0.862056, -0.1385031, 0.2587982, -0.4131585,0.9495859, -0.215186, 0.1996362, -0.1101228,1695797841397
0.04341572, 0.1109392, 0.4579858, 0.8809407,-0.0969842, 0.2483966, 0.4741113, 0.8391136,-0.3228241, 0.1092294, 0.5239765, 0.7805781,-0.4892746, -0.01076481, 0.5351323, 0.6885695,-0.1055948, -0.01826542, -0.07135881, 0.9916774,-0.5806718, -0.02372146, -0.08951755, 0.8088536,0.9415001, -0.03241918, 0.08674731, -0.3240394,0.9955832, -0.05777074, 0.07237846, -0.0154277,-0.103157, -0.09537721, -0.1482994, 0.9789122,-0.567287, -0.006781325, -0.1742206, 0.8048519,0.9212293, -0.09216587, 0.1480009, -0.347761,0.9823412, -0.130866, 0.1152081, -0.06787527,-0.09733372, -0.1735672, -0.1749048, 0.964266,-0.5356441, -0.0443525, -0.2247789, 0.8127686,0.9023553, -0.09108597, 0.2102285, -0.3650511,0.9713494, -0.1525084, 0.1709791, -0.06314858,-0.05545269, -0.2465116, -0.2388284, 0.937613,-0.4848868, -0.02971004, -0.2919756, 0.8238643,0.8620304, -0.1382271, 0.2588932, -0.4132448,0.9495798, -0.2149378, 0.1998353, -0.110299,1695797841414
0.04356895, 0.1107827, 0.4580542, 0.8809173,-0.09678857, 0.2481663, 0.4741915, 0.839159,-0.3225853, 0.1090282, 0.5239819, 0.7807013,-0.4890689, -0.01096166, 0.5350925, 0.6887434,-0.1053756, -0.01832257, -0.0713231, 0.9917022,-0.5805045, -0.02368696, -0.08948353, 0.8089784,0.9414462, -0.03243044, 0.08669856, -0.3242077,0.9955829, -0.05775986, 0.07233376, -0.01569293,-0.1029317, -0.09541681, -0.1482807, 0.9789349,-0.5671088, -0.006810234, -0.174217, 0.804978,0.9211542, -0.09214062, 0.1480137, -0.3479611,0.9823183, -0.1308312, 0.1152439, -0.06821053,-0.09710602, -0.1735998, -0.1749033, 0.9642833,-0.5354874, -0.04437486, -0.2247885, 0.8128679,0.902278, -0.09107031, 0.2102503, -0.3652334,0.9713281, -0.1524865, 0.1710171, -0.06342486,-0.05522292, -0.2465267, -0.238841, 0.9376193,-0.4847122, -0.02973805, -0.2919864, 0.8239622,0.861917, -0.1381955, 0.2589256, -0.4134715,0.9495376, -0.2149027, 0.1998931, -0.1106251,1695797841431
0.04362046, 0.1106715, 0.4580157, 0.8809487,-0.09676872, 0.2479777, 0.4741751, 0.8392263,-0.3225614, 0.1088669, 0.5239112, 0.7807811,-0.4890973, -0.01112937, 0.534987, 0.6888025,-0.1052813, -0.01838545, -0.07139118, 0.9917062,-0.5805382, -0.02364657, -0.08956071, 0.808947,0.9414887, -0.03251694, 0.08673482, -0.3240658,0.9955783, -0.05784894, 0.07234488, -0.01560541,-0.1028372, -0.09547188, -0.1483548, 0.9789282,-0.5671538, -0.006822721, -0.1743214, 0.8049237,0.921182, -0.09219786, 0.1481015, -0.347835,0.9823053, -0.1309056, 0.115318, -0.06813058,-0.09701546, -0.1736517, -0.1749832, 0.9642686,-0.5355495, -0.04434329, -0.2248894, 0.8128008,0.9023056, -0.09116195, 0.2103118, -0.3651069,0.9713169, -0.1525991, 0.1710411, -0.06326059,-0.05513421, -0.2465732, -0.2389227, 0.9375915,-0.4847552, -0.02967793, -0.2920708, 0.8239091,0.8619274, -0.1382951, 0.2589606, -0.4133945,0.9495305, -0.215023, 0.199878, -0.1104791,1695797841448
0.044097, 0.11023, 0.458225, 0.8808715,-0.09629776, 0.2475052, 0.4744337, 0.8392739,-0.3220896, 0.108363, 0.5240263, 0.7809687,-0.4887158, -0.01167453, 0.5349858, 0.6890651,-0.1046232, -0.01852453, -0.0712746, 0.9917816,-0.5799735, -0.023584, -0.08945679, 0.8093652,0.941398, -0.03254202, 0.08660103, -0.3243626,0.995581, -0.05781663, 0.07222161, -0.01611689,-0.1021628, -0.09555848, -0.1482897, 0.9790003,-0.5665977, -0.006843623, -0.1742668, 0.8053268,0.9210616, -0.09219813, 0.148038, -0.3481807,0.9822751, -0.1308634, 0.1152844, -0.0687016,-0.09633444, -0.1737176, -0.1749699, 0.9643275,-0.5350975, -0.04438244, -0.2248963, 0.8130944,0.9022149, -0.09119966, 0.2103111, -0.365322,0.9712954, -0.1526267, 0.1710357, -0.0635382,-0.05444878, -0.2465869, -0.2389535, 0.9376201,-0.4843065, -0.02964216, -0.2920519, 0.824181,0.8618011, -0.1383735, 0.2588934, -0.4136735,0.9495061, -0.2150828, 0.1997808, -0.110748,1695797841465
0.04381537, 0.1099915, 0.4579981, 0.8810334,-0.0966459, 0.247323, 0.4741686, 0.8394374,-0.3224666, 0.108262, 0.5237212, 0.7810319,-0.4891564, -0.01175047, 0.5346648, 0.6890004,-0.1047727, -0.01885425, -0.07155919, 0.9917391,-0.5800428, -0.02357399, -0.08978806, 0.8092791,0.9414687, -0.03275904, 0.08685893, -0.3240665,0.995555, -0.05809725, 0.07240398, -0.01589228,-0.102303, -0.09589756, -0.148557, 0.9789119,-0.5666323, -0.006995721, -0.1746563, 0.8052168,0.9210946, -0.09231921, 0.1484281, -0.3478951,0.9822229, -0.1310887, 0.1156266, -0.06844319,-0.09648266, -0.1740576, -0.1752181, 0.9642062,-0.5351841, -0.04456331, -0.2252812, 0.8129209,0.9022321, -0.09129509, 0.2107195, -0.3650202,0.9712214, -0.1528576, 0.1713829, -0.06317853,-0.05458872, -0.2469392, -0.2391679, 0.9374645,-0.4843996, -0.02987143, -0.2924406, 0.8239801,0.8617724, -0.1384039, 0.2593418, -0.4134422,0.9494149, -0.2152778, 0.2001731, -0.1104423,1695797841483
0.04340076, 0.1101515, 0.4578188, 0.8811271,-0.09736466, 0.2474401, 0.4740125, 0.839408,-0.3230413, 0.10849, 0.5235879, 0.780852,-0.4896507, -0.01147845, 0.5345864, 0.6887146,-0.1052304, -0.01892279, -0.07170282, 0.991679,-0.5803043, -0.02348047, -0.08987981, 0.8090842,0.9415536, -0.03288427, 0.08688117, -0.3238011,0.9955524, -0.05821846, 0.07239007, -0.01567879,-0.1027621, -0.09600139, -0.148663, 0.9788375,-0.5668824, -0.007085308, -0.1748116, 0.8050063,0.9211679, -0.09232581, 0.1486111, -0.3476212,0.9822184, -0.1311546, 0.115792, -0.06810069,-0.09694526, -0.1741738, -0.1752855, 0.9641266,-0.535478, -0.04465128, -0.2254044, 0.8126884,0.9022999, -0.0912684, 0.2108813, -0.3647656,0.9712119, -0.1528995, 0.1715301, -0.06282208,-0.05504646, -0.2470898, -0.2391955, 0.9373911,-0.484762, -0.02998046, -0.2925737, 0.8237157,0.8618426, -0.1383356, 0.2595409, -0.4131938,0.9494135, -0.2153017, 0.2003581, -0.110072,1695797841500
0.04315403, 0.1106, 0.4575985, 0.8811975,-0.09771337, 0.2477324, 0.4738324, 0.8393829,-0.3233178, 0.1088554, 0.5234873, 0.7807542,-0.4898146, -0.01103496, 0.5345715, 0.6886169,-0.1057004, -0.01865446, -0.07184268, 0.9916239,-0.5808175, -0.02322677, -0.08987589, 0.8087236,0.9416572, -0.0330604, 0.08674197, -0.3235191,0.9955646, -0.05834886, 0.07219813, -0.01529379,-0.1032621, -0.09577177, -0.1487665, 0.9787917,-0.5673386, -0.006841251, -0.1747997, 0.8046895,0.9212521, -0.09247172, 0.1484949, -0.3474087,0.9822479, -0.1312778, 0.1156196, -0.06772964,-0.09746026, -0.1739614, -0.1753528, 0.9641008,-0.5359583, -0.04441379, -0.2253805, 0.8123913,0.9023934, -0.09137332, 0.2107603, -0.3645781,0.9712453, -0.1529709, 0.1713735, -0.06255926,-0.05558071, -0.2469213, -0.2392371, 0.9373934,-0.4853303, -0.02969053, -0.2925459, 0.8234014,0.8619915, -0.138468, 0.2594056, -0.4129239,0.9494696, -0.2153889, 0.2001805, -0.1097398,1695797841520
0.04301236, 0.1107932, 0.4578591, 0.8810447,-0.09793928, 0.2476877, 0.4741034, 0.8392166,-0.323471, 0.108751, 0.5237332, 0.7805403,-0.4898647, -0.01115189, 0.5347887, 0.6884107,-0.1058787, -0.01859128, -0.07150674, 0.9916304,-0.5810033, -0.02337024, -0.08956102, 0.8086209,0.9416888, -0.03274501, 0.0865743, -0.3235039,0.9955906, -0.05799992, 0.07213428, -0.0152293,-0.1034217, -0.09572291, -0.1484213, 0.9788321,-0.5674959, -0.006924961, -0.1744573, 0.8046521,0.9212933, -0.09218122, 0.1482766, -0.3474698,0.9823088, -0.1309432, 0.1154867, -0.067721,-0.0975949, -0.173917, -0.1749991, 0.9641594,-0.5361302, -0.04453242, -0.2250511, 0.8123628,0.9024533, -0.09105092, 0.2105727, -0.3646188,0.9713164, -0.15261, 0.1712932, -0.06255603,-0.05569408, -0.2468777, -0.2388837, 0.9374882,-0.4855698, -0.02970823, -0.292188, 0.8233867,0.8621289, -0.1382204, 0.2591361, -0.4128892,0.9495925, -0.2150748, 0.1999981, -0.1096255,1695797841536
0.04338833, 0.1108736, 0.4580101, 0.8809377,-0.09745588, 0.2476329, 0.474306, 0.8391746,-0.3230708, 0.1085917, 0.5239238, 0.7806004,-0.489467, -0.01133332, 0.5349391, 0.6885738,-0.1055807, -0.01833768, -0.07134366, 0.9916787,-0.5809535, -0.02321159, -0.08931634, 0.8086883,0.9416869, -0.0327328, 0.08628296, -0.3235885,0.995616, -0.05790184, 0.07185794, -0.01525558,-0.1031357, -0.09544783, -0.148285, 0.9789097,-0.5673981, -0.006659383, -0.1741754, 0.8047845,0.9212579, -0.09223056, 0.1479018, -0.3477104,0.9823431, -0.1308811, 0.1151154, -0.06797525,-0.09730887, -0.1736364, -0.1748911, 0.9642586,-0.5360844, -0.0442921, -0.224824, 0.812469,0.9024743, -0.09111898, 0.2102497, -0.3647361,0.9713708, -0.1525663, 0.1709711, -0.06269899,-0.05542185, -0.2465774, -0.2388129, 0.9376014,-0.4855755, -0.02935871, -0.291941, 0.8234835,0.8622239, -0.1383956, 0.258724, -0.4128905,0.9496826, -0.2151059, 0.1995517, -0.1095973,1695797841552
0.04369036, 0.1108399, 0.4579802, 0.8809426,-0.09711732, 0.2474655, 0.4743383, 0.8392451,-0.3228413, 0.1083702, 0.5239197, 0.7807289,-0.4892364, -0.01152071, 0.5348862, 0.6887755,-0.105314, -0.01820262, -0.0714002, 0.9917054,-0.5810395, -0.02296128, -0.08929057, 0.8086365,0.9417434, -0.03292639, 0.08611549, -0.3234493,0.9956277, -0.05804032, 0.07163342, -0.01501608,-0.1028859, -0.09529294, -0.1483624, 0.9789394,-0.567408, -0.006351699, -0.1741306, 0.8047897,0.9212437, -0.09244934, 0.1476988, -0.3477763,0.9823474, -0.1310305, 0.1148599, -0.0680565,-0.09707101, -0.1734761, -0.1749899, 0.9642934,-0.5361346, -0.04403785, -0.2248427, 0.8124445,0.9024909, -0.09133267, 0.2101236, -0.3647145,0.9713792, -0.1527282, 0.1707855, -0.06268112,-0.05520303, -0.2464049, -0.2389349, 0.9376286,-0.4856497, -0.02901111, -0.2919345, 0.8234543,0.8622755, -0.1386845, 0.2585228, -0.4128117,0.9497055, -0.2153131, 0.1992679, -0.1095082,1695797841570
0.04377643, 0.1107595, 0.4580367, 0.880919,-0.09705973, 0.2472917, 0.4744181, 0.8392578,-0.3228007, 0.1081736, 0.5239505, 0.7807522,-0.4891658, -0.01169103, 0.5348729, 0.6888332,-0.105192, -0.01823007, -0.07135861, 0.9917209,-0.5811008, -0.0228448, -0.08921769, 0.8086039,0.9417902, -0.03298343, 0.08598705, -0.3233413,0.9956399, -0.05806065, 0.07148875, -0.01481549,-0.1027593, -0.09531064, -0.1483306, 0.9789558,-0.5673962, -0.006268867, -0.1740718, 0.8048113,0.9212398, -0.09248227, 0.1476053, -0.3478175,0.9823515, -0.1310284, 0.1147687, -0.06815512,-0.09694166, -0.1734898, -0.174968, 0.964308,-0.5361302, -0.04403346, -0.2248317, 0.8124507,0.9024932, -0.09133145, 0.2101115, -0.3647161,0.9713808, -0.1527202, 0.170777, -0.06269913,-0.05507141, -0.2464082, -0.2389217, 0.9376388,-0.4856497, -0.02898102, -0.2919156, 0.8234621,0.8622702, -0.1386929, 0.2584935, -0.4128384,0.9497051, -0.2153042, 0.1992453, -0.1095698,1695797841588
0.04373961, 0.110513, 0.4581603, 0.8808875,-0.09715637, 0.2469572, 0.4745339, 0.8392797,-0.3228729, 0.1078381, 0.5239668, 0.7807578,-0.4892274, -0.01201381, 0.5348139, 0.6888297,-0.1050782, -0.01846952, -0.07126947, 0.9917349,-0.5811589, -0.02301011, -0.08923851, 0.8085551,0.941837, -0.032868, 0.08609688, -0.3231874,0.9956377, -0.05799034, 0.0716247, -0.014581,-0.1026197, -0.09553944, -0.1482498, 0.9789604,-0.5674015, -0.006431503, -0.1740924, 0.8048018,0.92124, -0.09235962, 0.1477133, -0.3478037,0.9823467, -0.1309402, 0.1149094, -0.06815745,-0.09678798, -0.1737119, -0.1748949, 0.9642966,-0.5361575, -0.04422104, -0.2248766, 0.8124101,0.9025024, -0.09120805, 0.2102524, -0.364643,0.9713688, -0.1526536, 0.1709439, -0.06259088,-0.05489669, -0.246613, -0.2388489, 0.9376138,-0.4856782, -0.02914524, -0.2919455, 0.8234288,0.8622764, -0.1385739, 0.2586095, -0.4127927,0.9496992, -0.2152349, 0.1993879, -0.1094985,1695797841605
0.04339317, 0.110535, 0.4579585, 0.8810068,-0.0977644, 0.2468892, 0.4743568, 0.8393292,-0.3233943, 0.1078728, 0.5237672, 0.7806712,-0.4896868, -0.01191264, 0.5346277, 0.6886495,-0.1054115, -0.01861618, -0.07146984, 0.9916824,-0.5815726, -0.02307063, -0.08949243, 0.8082278,0.9419461, -0.03295516, 0.08634297, -0.3227946,0.9956216, -0.0581612, 0.07182217, -0.01401346,-0.1029524, -0.09571111, -0.1484209, 0.9788827,-0.5677968, -0.006520421, -0.1743512, 0.8044662,0.9213246, -0.0924081, 0.1479919, -0.3474482,0.982334, -0.1310813, 0.1151458, -0.06766884,-0.09712692, -0.1738918, -0.1750356, 0.9642046,-0.5365781, -0.04426531, -0.2251044, 0.8120668,0.9025742, -0.0912549, 0.2104851, -0.364319,0.9713454, -0.1527993, 0.1711251, -0.06210141,-0.05523138, -0.246819, -0.2389534, 0.9375133,-0.4861181, -0.02919934, -0.2921705, 0.8230875,0.8623478, -0.1385895, 0.2588612, -0.4124804,0.9496757, -0.2153513, 0.1995996, -0.1090866,1695797841623
0.04312905, 0.1106491, 0.4579882, 0.88099,-0.09813565, 0.2469488, 0.4743735, 0.8392589,-0.3236713, 0.1079665, 0.5237911, 0.7805274,-0.4898835, -0.01179463, 0.5346726, 0.6884768,-0.1056874, -0.01866315, -0.07139925, 0.9916572,-0.5819879, -0.0232827, -0.08951309, 0.8079205,0.9420676, -0.03278355, 0.08648652, -0.322419,0.9956229, -0.05805652, 0.07200082, -0.01342778,-0.1032179, -0.09577928, -0.1483295, 0.978862,-0.5682706, -0.00666648, -0.1743488, 0.8041309,0.9214725, -0.0922619, 0.1480868, -0.347054,0.982377, -0.1309938, 0.1152501, -0.06703361,-0.09738248, -0.1739667, -0.1749231, 0.9641858,-0.5370858, -0.04430163, -0.2250631, 0.8117406,0.9027591, -0.09117372, 0.2104837, -0.3638818,0.971398, -0.1527621, 0.1711133, -0.0613997,-0.05547321, -0.2469085, -0.2388213, 0.9375091,-0.4866181, -0.02922318, -0.2921214, 0.8228086,0.86259, -0.1385313, 0.2588396, -0.4120069,0.9497684, -0.2153224, 0.1995623, -0.1084021,1695797841640
0.04368472, 0.1105441, 0.4577983, 0.8810745,-0.09772434, 0.2468092, 0.4743316, 0.8393716,-0.3234034, 0.1077785, 0.5237262, 0.780708,-0.489653, -0.0119558, 0.5345674, 0.6887196,-0.1051952, -0.01843823, -0.07166156, 0.9916948,-0.5818738, -0.02302553, -0.08970533, 0.8079886,0.9420401, -0.03311154, 0.08649189, -0.3224641,0.9956127, -0.05837971, 0.07189597, -0.0133436,-0.1027657, -0.09551761, -0.1486282, 0.9788898,-0.5681892, -0.006261119, -0.174496, 0.8041598,0.9214397, -0.0926879, 0.1479764, -0.3470747,0.9823568, -0.1313791, 0.1150113, -0.0669852,-0.09696336, -0.1736953, -0.1752589, 0.9642159,-0.5370702, -0.04381166, -0.2252392, 0.8117287,0.9027626, -0.09169053, 0.210345, -0.3638234,0.9713908, -0.153231, 0.1707994, -0.06121824,-0.0550979, -0.2466201, -0.239194, 0.9375121,-0.4865924, -0.02864593, -0.2922744, 0.8227897,0.8626144, -0.1391313, 0.258626, -0.4118876,0.9497657, -0.2158441, 0.1991388, -0.1081669,1695797841657
0.04411708, 0.1104131, 0.45788, 0.881027,-0.09736884, 0.2467064, 0.4744928, 0.839352,-0.3231393, 0.1075797, 0.5238646, 0.7807519,-0.4894307, -0.01220006, 0.5346575, 0.6888034,-0.1047522, -0.0183266, -0.0716211, 0.9917467,-0.5816649, -0.02291414, -0.08963432, 0.8081501,0.942052, -0.03318512, 0.08636039, -0.3224572,0.9956222, -0.05841061, 0.07174657, -0.01330708,-0.1023318, -0.09537216, -0.1486233, 0.9789502,-0.5680444, -0.006069144, -0.17441, 0.8042822,0.9214715, -0.09283396, 0.1477753, -0.3470368,0.9823778, -0.1314634, 0.1147739, -0.06691901,-0.09653523, -0.1735388, -0.1752904, 0.9642813,-0.5370086, -0.04358319, -0.2251966, 0.8117936,0.902851, -0.09191363, 0.2101544, -0.3636577,0.9714308, -0.1534056, 0.1705278, -0.06090334,-0.0546843, -0.2464352, -0.2392631, 0.9375673,-0.4865191, -0.02835583, -0.2922179, 0.8228632,0.8627326, -0.1394272, 0.2583706, -0.4117004,0.9498317, -0.2160687, 0.1987703, -0.1078168,1695797841674
0.0444109, 0.1103514, 0.4579844, 0.8809657,-0.0969167, 0.2466768, 0.4745986, 0.8393533,-0.322908, 0.107386, 0.5239862, 0.7807927,-0.4892806, -0.01246757, 0.5347315, 0.6888478,-0.1044577, -0.01823225, -0.07153388, 0.9917858,-0.5817025, -0.02279588, -0.08951393, 0.8081397,0.94214, -0.03322881, 0.08618725, -0.3222419,0.9956399, -0.05840398, 0.07156376, -0.01299554,-0.102041, -0.09525545, -0.1485606, 0.9790014,-0.5680518, -0.005897126, -0.1742773, 0.804307,0.9215498, -0.09292664, 0.1475533, -0.3468986,0.9824201, -0.1315005, 0.1145205, -0.06665872,-0.09624436, -0.1734148, -0.175253, 0.9643396,-0.5370159, -0.04342831, -0.2251094, 0.8118212,0.902958, -0.09204086, 0.2099731, -0.3634648,0.9714774, -0.1534858, 0.1703008, -0.06059214,-0.05440057, -0.2462905, -0.2392533, 0.9376243,-0.4864832, -0.02820019, -0.2921355, 0.822919,0.8628476, -0.1395818, 0.2581769, -0.4115284,0.9498897, -0.2161614, 0.1985261, -0.1075698,1695797841692
0.04457109, 0.1103624, 0.4579685, 0.8809645,-0.09658005, 0.2467275, 0.4745686, 0.8393941,-0.3228118, 0.1072977, 0.524001, 0.7808346,-0.4892782, -0.01262052, 0.5347248, 0.688852,-0.104331, -0.01813626, -0.07155798, 0.9917992,-0.581774, -0.02265452, -0.08948721, 0.8080952,0.9422527, -0.03335005, 0.08607534, -0.3219297,0.9956506, -0.05848926, 0.07141565, -0.01259534,-0.1019248, -0.09515025, -0.1485949, 0.9790186,-0.5680592, -0.005745678, -0.1742468, 0.8043095,0.9216369, -0.09306871, 0.1474217, -0.3466849,0.9824468, -0.131607, 0.114344, -0.06635723,-0.09613477, -0.1733074, -0.1752978, 0.9643616,-0.5370136, -0.04328946, -0.2250997, 0.8118328,0.903053, -0.09220183, 0.2098634, -0.3632511,0.971503, -0.1536115, 0.1701392, -0.06031689,-0.05430217, -0.2461781, -0.2393106, 0.937645,-0.4864518, -0.02816664, -0.2921765, 0.8229241,0.862929, -0.1396981, 0.2581567, -0.4113308,0.9499008, -0.2162624, 0.1984718, -0.1073683,1695797841708
0.04439519, 0.1102734, 0.4578222, 0.8810605,-0.0967068, 0.2467369, 0.4743744, 0.8394865,-0.3230135, 0.1073234, 0.5238243, 0.7808662,-0.489593, -0.01264225, 0.5345563, 0.6887586,-0.1044557, -0.01829113, -0.07172862, 0.9917709,-0.5817346, -0.02265426, -0.08967324, 0.808103,0.9423263, -0.03348511, 0.0862163, -0.3216623,0.9956374, -0.05866145, 0.07150761, -0.01231906,-0.1020474, -0.09531379, -0.1487527, 0.9789659,-0.5680273, -0.005863521, -0.1744763, 0.8042815,0.9216828, -0.09313758, 0.1476541, -0.3464454,0.9824273, -0.1317496, 0.1145356, -0.06603172,-0.09626332, -0.1734731, -0.1754419, 0.9642928,-0.5369825, -0.04339828, -0.2253032, 0.8117911,0.9030781, -0.09227087, 0.2100739, -0.3630495,0.9714689, -0.1537592, 0.1703028, -0.06002691,-0.05442816, -0.2463546, -0.2394339, 0.9375598,-0.4863876, -0.02844071, -0.2924379, 0.8228598,0.86289, -0.1396482, 0.2585096, -0.411208,0.9498276, -0.216337, 0.1988143, -0.1072326,1695797841727
0.04434602, 0.1100532, 0.4578426, 0.88108,-0.0967714, 0.2465674, 0.474369, 0.839532,-0.3231394, 0.1071274, 0.5237797, 0.780871,-0.4897712, -0.01286546, 0.5344679, 0.6886964,-0.1043815, -0.01850516, -0.07174796, 0.9917733,-0.5815564, -0.02280261, -0.08977868, 0.8082153,0.9423203, -0.0334452, 0.08638049, -0.3216399,0.9956245, -0.05867365, 0.07167687, -0.01231324,-0.1019566, -0.09552046, -0.1487761, 0.9789516,-0.5678577, -0.006066451, -0.1746036, 0.8043721,0.921679, -0.09307771, 0.1478505, -0.3463879,0.9824117, -0.1317569, 0.1147315, -0.06590866,-0.09616721, -0.1736749, -0.1754687, 0.9642612,-0.536797, -0.0435902, -0.2254151, 0.8118724,0.9030536, -0.09222393, 0.2102542, -0.3630181,0.9714404, -0.1537848, 0.1704767, -0.0599288,-0.05431922, -0.2465466, -0.2394559, 0.93751,-0.4861568, -0.02876164, -0.2925914, 0.8229305,0.8628073, -0.1395112, 0.2587926, -0.41125,0.9497672, -0.2163075, 0.1991181, -0.1072626,1695797841743
0.04401209, 0.11011, 0.4577095, 0.8811588,-0.09722412, 0.2466513, 0.4742134, 0.8395429,-0.3234698, 0.1073232, 0.5236382, 0.7808022,-0.4900981, -0.01265881, 0.5343734, 0.6885409,-0.1047116, -0.01862231, -0.07186589, 0.9917278,-0.581638, -0.02290292, -0.08993239, 0.8081366,0.9423319, -0.03345001, 0.08656486, -0.3215559,0.9956098, -0.05873815, 0.07184852, -0.01219485,-0.102283, -0.09566259, -0.1488663, 0.97889,-0.5680113, -0.006207636, -0.1747695, 0.8042265,0.9217307, -0.09305684, 0.1480653, -0.3461642,0.982409, -0.1318205, 0.1149185, -0.06549525,-0.09649473, -0.1738252, -0.1755301, 0.9641902,-0.5369432, -0.04372148, -0.2255438, 0.811733,0.9030787, -0.09217984, 0.2104387, -0.3628598,0.9714239, -0.1538283, 0.1706413, -0.05961598,-0.05463925, -0.2467205, -0.2394852, 0.9374382,-0.4863068, -0.02894524, -0.2927315, 0.8227856,0.8628067, -0.1394093, 0.2590263, -0.4111387,0.9497411, -0.2163074, 0.1993506, -0.1070625,1695797841761
0.04358764, 0.1100889, 0.4577318, 0.8811709,-0.09788069, 0.2466261, 0.474209, 0.8394765,-0.3239511, 0.1073887, 0.5236089, 0.7806132,-0.4905995, -0.01264631, 0.5343583, 0.6881958,-0.1050544, -0.018868, -0.07182227, 0.99169,-0.5816353, -0.02330916, -0.09005039, 0.8081139,0.9423018, -0.03318333, 0.08689797, -0.3215821,0.9955895, -0.05858955, 0.07224718, -0.01221361,-0.1026, -0.09593327, -0.148795, 0.9788412,-0.5680823, -0.006620241, -0.1748831, 0.8041483,0.921764, -0.09278727, 0.1483862, -0.3460104,0.9824059, -0.1316714, 0.1152847, -0.06519793,-0.09679601, -0.174102, -0.1754301, 0.9641283,-0.5369757, -0.04406852, -0.2255834, 0.8116817,0.9030706, -0.09191342, 0.21067, -0.3628135,0.9714096, -0.1536714, 0.1709241, -0.05944391,-0.05491271, -0.2470122, -0.2393513, 0.9373796,-0.4863274, -0.02936195, -0.2927821, 0.8227406,0.8627757, -0.1390774, 0.2593087, -0.4111381,0.9497236, -0.2161082, 0.1997016, -0.1069654,1695797841779
0.04311327, 0.1102226, 0.4576749, 0.8812071,-0.09845252, 0.2468125, 0.4740946, 0.8394194,-0.3243165, 0.1077126, 0.5235266, 0.7804721,-0.4909996, -0.01237097, 0.5343492, 0.6879224,-0.1055303, -0.01900205, -0.07183225, 0.9916362,-0.5817175, -0.02373653, -0.09021249, 0.8080242,0.9422498, -0.03291078, 0.08728458, -0.3216576,0.9955646, -0.05845678, 0.07269472, -0.01222129,-0.1030626, -0.09610353, -0.1487671, 0.9787802,-0.5682383, -0.006992593, -0.1750112, 0.8040071,0.9217837, -0.09253833, 0.1487093, -0.3458859,0.9824014, -0.1315488, 0.1156404, -0.06488232,-0.0972494, -0.1742838, -0.1753634, 0.9640619,-0.537104, -0.0443236, -0.2256097, 0.8115757,0.9030659, -0.09168943, 0.2108492, -0.3627777,0.9714004, -0.1535343, 0.1711478, -0.05930381,-0.05534726, -0.2472228, -0.2392447, 0.9373258,-0.4864542, -0.02971029, -0.2928337, 0.8226348,0.8627661, -0.138782, 0.2595648, -0.4110964,0.9497085, -0.2159268, 0.2000248, -0.1068616,1695797841795
0.04308856, 0.1101996, 0.4576697, 0.8812138,-0.09848282, 0.2468677, 0.4740766, 0.8394098,-0.3243212, 0.1077854, 0.5235214, 0.7804636,-0.4910467, -0.0123334, 0.5343596, 0.6878814,-0.1055402, -0.01903412, -0.07184125, 0.9916339,-0.5814682, -0.02388276, -0.09026816, 0.8081931,0.9421705, -0.03283091, 0.08741201, -0.3218634,0.9955528, -0.05841769, 0.07284299, -0.01248082,-0.1030702, -0.09613614, -0.148775, 0.978775,-0.5680762, -0.007095914, -0.1750505, 0.8041122,0.9217547, -0.09249475, 0.1487877, -0.3459412,0.9823912, -0.1315327, 0.1157246, -0.06491853,-0.09725647, -0.1743163, -0.1753701, 0.9640541,-0.5369445, -0.04439433, -0.2256224, 0.8116738,0.9030362, -0.09166502, 0.2108882, -0.362835,0.9713932, -0.1535318, 0.171185, -0.05932002,-0.05535239, -0.2472554, -0.239249, 0.9373158,-0.4862738, -0.02976685, -0.292831, 0.8227404,0.8627375, -0.1387727, 0.2595731, -0.4111545,0.9497081, -0.2159353, 0.20002, -0.1068572,1695797841813
0.04300235, 0.109981, 0.4579128, 0.8811191,-0.09861039, 0.2467154, 0.4742732, 0.8393285,-0.3243024, 0.1076651, 0.5236524, 0.7804002,-0.4909785, -0.01245229, 0.534461, 0.6878492,-0.1054641, -0.01928752, -0.07161128, 0.9916537,-0.5811204, -0.02430346, -0.09021237, 0.8084369,0.9420463, -0.03246059, 0.08760846, -0.3222108,0.995543, -0.05812669, 0.07314519, -0.01285321,-0.1029572, -0.09638169, -0.148552, 0.9787965,-0.5678307, -0.007489837, -0.1749893, 0.8042953,0.9216954, -0.09215208, 0.1489474, -0.3461217,0.9823914, -0.1312591, 0.1159672, -0.06503771,-0.09711789, -0.1745555, -0.1751538, 0.9640641,-0.5367106, -0.04474355, -0.2255334, 0.811834,0.902978, -0.09135219, 0.2110025, -0.3629924,0.9713925, -0.1532852, 0.1713795, -0.05940753,-0.05518166, -0.2474741, -0.2390339, 0.937323,-0.4860105, -0.03013105, -0.2927345, 0.822917,0.8626679, -0.1384484, 0.2596795, -0.4113427,0.9497107, -0.2156765, 0.2002125, -0.1069961,1695797841830
0.04324667, 0.109639, 0.4581296, 0.8810371,-0.0985404, 0.2464223, 0.4745316, 0.8392769,-0.3241326, 0.1073718, 0.5238087, 0.7804062,-0.4907431, -0.01271775, 0.5345488, 0.6879441,-0.105051, -0.01946685, -0.0714535, 0.9917055,-0.5807217, -0.02456362, -0.09019145, 0.8087178,0.9419433, -0.03225253, 0.08773621, -0.3224978,0.9955337, -0.05796428, 0.07333492, -0.01321877,-0.1025201, -0.09652738, -0.1484269, 0.978847,-0.5675567, -0.00768915, -0.1749622, 0.8044927,0.9216498, -0.09200218, 0.1490184, -0.3462525,0.9823877, -0.1311401, 0.116074, -0.06514301,-0.09666707, -0.1746867, -0.1750616, 0.9641024,-0.5364941, -0.04486382, -0.22551, 0.811977,0.9029691, -0.09129108, 0.2110295, -0.3630143,0.9713985, -0.1532574, 0.171405, -0.05930817,-0.05471576, -0.2475668, -0.2389678, 0.9373426,-0.4857665, -0.03016369, -0.2926688, 0.8230832,0.8626686, -0.1384543, 0.2596061, -0.4113854,0.9497424, -0.21569, 0.2001068, -0.1068848,1695797841847
0.04352335, 0.1095127, 0.4580697, 0.8810703,-0.09840764, 0.2463168, 0.4745508, 0.8393126,-0.3239362, 0.1073177, 0.5237874, 0.7805094,-0.490553, -0.01274873, 0.5345165, 0.6881042,-0.1047628, -0.01942067, -0.07156065, 0.9917291,-0.5804566, -0.02444896, -0.09026485, 0.8089034,0.9418923, -0.03240413, 0.08772381, -0.3226351,0.9955268, -0.05809815, 0.07328096, -0.0134513,-0.1022449, -0.09645904, -0.1485554, 0.9788631,-0.5674011, -0.007548824, -0.1750398, 0.8045869,0.9216244, -0.09218354, 0.1489903, -0.3462838,0.9823777, -0.131315, 0.115984, -0.06510043,-0.09640463, -0.1746113, -0.1752115, 0.9641151,-0.5364112, -0.04468919, -0.2256078, 0.8120142,0.9029747, -0.09152095, 0.2109975, -0.3629611,0.9713947, -0.1534876, 0.1712821, -0.05913003,-0.05446967, -0.2474775, -0.239137, 0.9373375,-0.4856982, -0.02992793, -0.2927489, 0.8231037,0.8626946, -0.1387394, 0.2595168, -0.4112913,0.9497501, -0.2159564, 0.199901, -0.1066633,1695797841864
0.04339847, 0.1096583, 0.4579385, 0.8811265,-0.09866236, 0.2464339, 0.4744493, 0.8393056,-0.3241387, 0.1074854, 0.5237162, 0.78045,-0.4906895, -0.0125324, 0.5344855, 0.6880349,-0.1049622, -0.01935175, -0.07166982, 0.9917015,-0.5806612, -0.0244006, -0.0903466, 0.8087488,0.9419779, -0.03249322, 0.08776154, -0.322366,0.9955249, -0.05819803, 0.07328634, -0.01312161,-0.1024565, -0.09640623, -0.1486482, 0.9788321,-0.5676829, -0.007461418, -0.1751092, 0.8043739,0.9217491, -0.09229976, 0.1489955, -0.3459185,0.9824036, -0.1314494, 0.1159308, -0.06453103,-0.0966248, -0.1745654, -0.1752879, 0.9640875,-0.5367392, -0.04456883, -0.225668, 0.8117872,0.90312, -0.09165685, 0.2109774, -0.3625765,0.9714212, -0.1536397, 0.1711937, -0.05855221,-0.05469802, -0.2474509, -0.239199, 0.9373153,-0.4860385, -0.02980505, -0.2928112, 0.822885,0.8628801, -0.1388922, 0.2594912, -0.4108665,0.9497998, -0.2161173, 0.1998, -0.106083,1695797841883
0.04336371, 0.1098388, 0.457839, 0.8811575,-0.09876113, 0.246653, 0.474373, 0.8392727,-0.3242855, 0.1076761, 0.5237111, 0.7803662,-0.4908296, -0.01235764, 0.534523, 0.6879091,-0.1050987, -0.01920846, -0.0717417, 0.9916846,-0.5807906, -0.02431905, -0.09036619, 0.8086562,0.9420553, -0.03257804, 0.08772763, -0.3221401,0.995528, -0.05826671, 0.07322879, -0.01290159,-0.1026095, -0.09627468, -0.1487097, 0.9788197,-0.5678756, -0.007302647, -0.1750999, 0.8042412,0.9218748, -0.09244339, 0.1488876, -0.3455917,0.9824403, -0.1315755, 0.1157635, -0.0640142,-0.09678679, -0.1744398, -0.175339, 0.9640847,-0.536959, -0.04440922, -0.2256628, 0.8116521,0.9032742, -0.09181442, 0.2108696, -0.3622151,0.9714619, -0.1537805, 0.1710188, -0.05801613,-0.05487242, -0.247341, -0.2392446, 0.9373225,-0.4862636, -0.02963569, -0.2928068, 0.8227597,0.8630885, -0.1390882, 0.2593619, -0.4104439,0.9498742, -0.2162898, 0.1995816, -0.1054746,1695797841899
0.04345163, 0.1097393, 0.4577686, 0.8812021,-0.09870509, 0.2466005, 0.4743207, 0.8393244,-0.3243751, 0.1075531, 0.5236643, 0.7803774,-0.4909662, -0.01250339, 0.5344489, 0.6878664,-0.1049846, -0.01923901, -0.07184469, 0.9916887,-0.5806645, -0.0243823, -0.09051125, 0.8087286,0.9420997, -0.03263928, 0.08787184, -0.3219649,0.9955148, -0.05836492, 0.07335067, -0.01278742,-0.1025005, -0.09629612, -0.14882, 0.9788122,-0.5678127, -0.007274671, -0.1752128, 0.8042613,0.9219442, -0.09257756, 0.1489357, -0.3453497,0.982443, -0.1317292, 0.1157579, -0.06366619,-0.09668572, -0.1744581, -0.1754565, 0.9640701,-0.5369377, -0.04435027, -0.2257768, 0.8116378,0.9033552, -0.09198986, 0.2109027, -0.3619493,0.9714614, -0.1539774, 0.1709767, -0.0576247,-0.05477827, -0.2473547, -0.2393657, 0.9372935,-0.4862298, -0.02956382, -0.2929127, 0.8227446,0.8631933, -0.1392963, 0.2593615, -0.4101529,0.9498906, -0.2165102, 0.1994874, -0.1050521,1695797841917
0.04382413, 0.1096201, 0.4576543, 0.8812579,-0.09812646, 0.2466454, 0.4742112, 0.8394409,-0.3240669, 0.107481, 0.523601, 0.7805578,-0.4907383, -0.01258436, 0.5343705, 0.6880885,-0.1046278, -0.01913072, -0.07201596, 0.9917161,-0.5804912, -0.02413169, -0.09060333, 0.8088502,0.9422202, -0.03294897, 0.08778192, -0.321605,0.9955159, -0.05862288, 0.07317553, -0.01252167,-0.1021666, -0.09616076, -0.1490176, 0.9788303,-0.5677271, -0.006951666, -0.1752915, 0.8043075,0.9220612, -0.09295858, 0.1487755, -0.345004,0.9824564, -0.1320504, 0.1154909, -0.06327704,-0.09637243, -0.1743149, -0.1756807, 0.9640866,-0.5369127, -0.04405246, -0.2259121, 0.8116328,0.9035289, -0.0924266, 0.2107943, -0.3614673,0.9714795, -0.1543747, 0.1707201, -0.05701437,-0.0544915, -0.247197, -0.2396147, 0.9372882,-0.4861584, -0.02921368, -0.2930266, 0.8227587,0.8633985, -0.1398125, 0.2591727, -0.4096645,0.9499406, -0.2169666, 0.1991069, -0.1043781,1695797841934
0.04373185, 0.1096571, 0.4575454, 0.8813144,-0.09810198, 0.2467866, 0.4740579, 0.8394889,-0.3241679, 0.1075841, 0.5235075, 0.7805643,-0.4908302, -0.01245683, 0.5343027, 0.6880779,-0.1047408, -0.01913832, -0.07212414, 0.9916961,-0.5806662, -0.02407701, -0.09069823, 0.8087156,0.9423634, -0.03307015, 0.08781933, -0.3211623,0.9955141, -0.05874815, 0.07317462, -0.01207733,-0.1022858, -0.09617715, -0.1491156, 0.9788014,-0.5679492, -0.006881814, -0.1753837, 0.8041312,0.9222128, -0.09309732, 0.1487941, -0.3445528,0.9824871, -0.1322183, 0.1154345, -0.06254793,-0.09649827, -0.1743348, -0.1757682, 0.9640545,-0.5371749, -0.0439809, -0.2260116, 0.8114355,0.9037128, -0.09258923, 0.2108146, -0.3609537,0.9715044, -0.1545746, 0.1706524, -0.0562455,-0.05462164, -0.2472283, -0.2396906, 0.9372529,-0.4864239, -0.029113, -0.2931125, 0.8225748,0.8636217, -0.1400112, 0.2591512, -0.4091394,0.9499983, -0.2171832, 0.1989823, -0.1036375,1695797841952
0.04379817, 0.1097547, 0.4576328, 0.8812535,-0.09794091, 0.2469098, 0.4741315, 0.8394299,-0.3240566, 0.1076423, 0.5236204, 0.7805269,-0.4906504, -0.01237644, 0.5344267, 0.6881112,-0.1047216, -0.01902883, -0.07201109, 0.9917085,-0.5808274, -0.0240671, -0.09057338, 0.8086141,0.9424839, -0.03301886, 0.08770699, -0.3208448,0.9955295, -0.05866285, 0.07308509, -0.01175995,-0.1022683, -0.09606696, -0.1490062, 0.9788307,-0.5681041, -0.006773153, -0.1752219, 0.804058,0.9223493, -0.09311746, 0.1485858, -0.3442718,0.9825477, -0.1321983, 0.1152051, -0.06206001,-0.09647639, -0.174225, -0.175663, 0.9640957,-0.5373495, -0.04388476, -0.2258753, 0.811363,0.9038776, -0.09262715, 0.2106318, -0.3606381,0.9715666, -0.1545705, 0.1704509, -0.05579266,-0.05460066, -0.2471159, -0.2395951, 0.9373083,-0.4866161, -0.02894997, -0.2929581, 0.8225219,0.863847, -0.1401204, 0.2588992, -0.4087859,0.9501048, -0.217222, 0.1986885, -0.1031426,1695797841969
0.04331876, 0.1099621, 0.4577501, 0.8811905,-0.09849773, 0.2471648, 0.4741761, 0.8392644,-0.3243905, 0.1079803, 0.5237115, 0.7802803,-0.4909042, -0.01205474, 0.5345916, 0.6878078,-0.105213, -0.01911983, -0.07181294, 0.9916691,-0.5811222, -0.02452818, -0.09053398, 0.8083928,0.9425367, -0.03260457, 0.08794871, -0.3206658,0.9955253, -0.05835276, 0.07343697, -0.01145865,-0.1027356, -0.09619565, -0.1487718, 0.9788048,-0.5684808, -0.007123007, -0.1751328, 0.803808,0.9224945, -0.09276727, 0.1487161, -0.3439209,0.9826081, -0.1319445, 0.1153815, -0.06131093,-0.09692023, -0.1743655, -0.175392, 0.9640751,-0.5377044, -0.04414049, -0.2257128, 0.8111593,0.9040161, -0.09230277, 0.2106534, -0.3603611,0.9716243, -0.1543127, 0.1705351, -0.05524072,-0.05501471, -0.2472793, -0.2392912, 0.9373185,-0.486994, -0.02922592, -0.2928, 0.8223447,0.8640378, -0.1397886, 0.2589307, -0.4084762,0.9502019, -0.2169545, 0.1987882, -0.1026174,1695797841986
0.0428848, 0.1102478, 0.4578144, 0.8811426,-0.09897229, 0.2474377, 0.4741835, 0.839124,-0.3246375, 0.1083556, 0.5237695, 0.7800866,-0.4910275, -0.01164433, 0.5347334, 0.6876166,-0.1057142, -0.01911548, -0.07165983, 0.9916269,-0.5815322, -0.02489688, -0.09049956, 0.8080905,0.9425747, -0.03225135, 0.0881469, -0.3205352,0.9955229, -0.05809208, 0.07372472, -0.01114273,-0.1032239, -0.09623045, -0.1485817, 0.9787788,-0.5689063, -0.007319183, -0.1750183, 0.8035301,0.9226048, -0.09250399, 0.1487548, -0.3436792,0.9826649, -0.1317444, 0.1154487, -0.06070193,-0.09739169, -0.1744137, -0.175165, 0.9640601,-0.5381017, -0.04428873, -0.2255471, 0.8109338,0.904117, -0.09202965, 0.2106265, -0.3601936,0.9716759, -0.1540732, 0.1705709, -0.05489013,-0.05546612, -0.2473554, -0.2390334, 0.9373376,-0.4874154, -0.02935231, -0.2926228, 0.8221536,0.8642159, -0.1395441, 0.2588767, -0.4082173,0.9502947, -0.2167241, 0.1987973, -0.1022269,1695797842004
0.04273321, 0.1105313, 0.4575839, 0.8812342,-0.0991776, 0.2477503, 0.4739702, 0.839128,-0.3247873, 0.1087473, 0.523643, 0.7800546,-0.4911258, -0.01120269, 0.5346985, 0.6875809,-0.1060215, -0.01893493, -0.07184953, 0.9915839,-0.5817965, -0.02492614, -0.09067923, 0.8078792,0.9425847, -0.03230904, 0.08831852, -0.3204529,0.9955081, -0.05820984, 0.07386236, -0.01093318,-0.1035579, -0.09607527, -0.1487465, 0.9787338,-0.5691931, -0.007189463, -0.1751258, 0.8033047,0.9226516, -0.09264432, 0.1487877, -0.3435014,0.9826745, -0.1319196, 0.1154034, -0.0602508,-0.09774312, -0.1742702, -0.1753047, 0.9640251,-0.5383911, -0.04409182, -0.2256125, 0.8107342,0.9041762, -0.09219074, 0.2105848, -0.3600282,0.9716877, -0.1542382, 0.1704573, -0.05456972,-0.05583701, -0.2472445, -0.2391536, 0.9373142,-0.4877441, -0.02911749, -0.2926787, 0.8219471,0.8643531, -0.1397576, 0.2587982, -0.4079034,0.9503351, -0.2169268, 0.1986239, -0.1017572,1695797842022
0.04264068, 0.1107463, 0.4570736, 0.8814765,-0.09928924, 0.2480346, 0.4734943, 0.8392995,-0.3249089, 0.1091728, 0.5232584, 0.7802026,-0.4912529, -0.0106829, 0.5344192, 0.6877154,-0.1062865, -0.01875432, -0.07236639, 0.9915214,-0.5820058, -0.02480564, -0.09114818, 0.8076794,0.9425495, -0.03265442, 0.08863971, -0.3204327,0.9954695, -0.0586451, 0.07405446, -0.01083087,-0.1038725, -0.09591677, -0.1492377, 0.9786412,-0.5694208, -0.006932089, -0.1755291, 0.8030576,0.9226168, -0.09304767, 0.1489989, -0.3433944,0.9826233, -0.1323925, 0.1154589, -0.05994157,-0.09810014, -0.1741235, -0.1757695, 0.9639307,-0.5386357, -0.04374396, -0.2259632, 0.8104928,0.9041439, -0.09262016, 0.2106998, -0.3599318,0.9716337, -0.1547044, 0.1704097, -0.05436039,-0.05623602, -0.24714, -0.2395919, 0.937206,-0.4880295, -0.02873221, -0.2930163, 0.8216709,0.864367, -0.1402228, 0.2588855, -0.4076586,0.9502792, -0.2174167, 0.1985298, -0.1014168,1695797842039
0.04263341, 0.1106853, 0.4567645, 0.8816447,-0.09943458, 0.2479865, 0.4732361, 0.8394421,-0.3250747, 0.1092058, 0.5229951, 0.7803056,-0.4913868, -0.01055245, 0.5341707, 0.6878149,-0.1063083, -0.01878043, -0.07272089, 0.9914926,-0.5820307, -0.02489139, -0.09156923, 0.8076111,0.9424235, -0.0327991, 0.08904339, -0.3206767,0.9954259, -0.05891012, 0.07439156, -0.01107818,-0.1039164, -0.09594446, -0.149586, 0.9785807,-0.5694383, -0.006934454, -0.1759102, 0.8029617,0.9224854, -0.09322019, 0.1493402, -0.3435523,0.9825526, -0.1326744, 0.1157152, -0.05998229,-0.09816952, -0.1741528, -0.1761107, 0.9638561,-0.5386165, -0.04362018, -0.2262787, 0.8104243,0.9039879, -0.09284218, 0.2109149, -0.3601404,0.971557, -0.154999, 0.1705288, -0.05451751,-0.05632652, -0.2471836, -0.2399196, 0.9371052,-0.4880494, -0.0285949, -0.2933264, 0.8215532,0.8642231, -0.1404501, 0.2590981, -0.4077504,0.9501821, -0.2177185, 0.1986372, -0.1014682,1695797842056
0.04235069, 0.1106, 0.4566109, 0.8817486,-0.09983321, 0.2478783, 0.4730673, 0.8395219,-0.3254516, 0.1091669, 0.5227992, 0.7802851,-0.4917283, -0.01053, 0.5339714, 0.6877259,-0.1065258, -0.01898832, -0.07289267, 0.9914526,-0.5821993, -0.02527325, -0.09193006, 0.8074368,0.9423398, -0.03266361, 0.08957098, -0.3207895,0.9953827, -0.05895331, 0.07492917, -0.01111107,-0.1041267, -0.09616781, -0.1497374, 0.9785132,-0.569579, -0.007206585, -0.1762152, 0.8027927,0.9224137, -0.09312627, 0.1497706, -0.3435829,0.9825028, -0.1327291, 0.1161324, -0.05986999,-0.09838302, -0.1743801, -0.1762405, 0.9637695,-0.5386642, -0.04378646, -0.2265017, 0.8103213,0.9038604, -0.09276886, 0.2112208, -0.3603001,0.9714909, -0.1550392, 0.1708307, -0.05463751,-0.05653181, -0.2474266, -0.2400196, 0.9370031,-0.488096, -0.02876868, -0.2935364, 0.8214445,0.8640915, -0.140354, 0.2594071, -0.4078659,0.9501027, -0.2177427, 0.1989458, -0.101556,1695797842073
0.04280492, 0.1106114, 0.4563777, 0.881846,-0.09928718, 0.2479175, 0.4729132, 0.8396619,-0.325148, 0.1091238, 0.5226873, 0.7804927,-0.4915031, -0.01056574, 0.5338523, 0.6879787,-0.106185, -0.018715, -0.07317378, 0.9914737,-0.5820821, -0.02503644, -0.09212935, 0.8075059,0.9422753, -0.03296958, 0.08959714, -0.3209401,0.9953687, -0.05925438, 0.07485692, -0.01124514,-0.1038304, -0.09586992, -0.1500433, 0.9785271,-0.5694072, -0.006814059, -0.1763503, 0.8028882,0.9223254, -0.0935268, 0.1496616, -0.3437587,0.9824666, -0.1330747, 0.1159181, -0.06011329,-0.09812132, -0.1740774, -0.1765718, 0.9637902,-0.5384373, -0.0433647, -0.2266443, 0.8104548,0.9037631, -0.09320472, 0.2110948, -0.3605055,0.9714603, -0.1554018, 0.1705826, -0.05492432,-0.0563156, -0.2471189, -0.2403786, 0.9370053,-0.487851, -0.02828352, -0.2936591, 0.821563,0.8639914, -0.140848, 0.2592247, -0.4080237,0.9500601, -0.2181498, 0.1986109, -0.1017361,1695797842092
0.04294439, 0.1106227, 0.4565979, 0.8817238,-0.09907821, 0.2479589, 0.4731222, 0.8395566,-0.3250533, 0.109016, 0.5229185, 0.7803922,-0.4914186, -0.01074605, 0.5340531, 0.6878805,-0.1060401, -0.01865212, -0.07293531, 0.9915079,-0.5820288, -0.02509956, -0.09190433, 0.807568,0.9422612, -0.03278589, 0.08945099, -0.3210413,0.9953868, -0.0590341, 0.07477546, -0.0113482,-0.1036753, -0.09579616, -0.1498195, 0.978585,-0.5692772, -0.006801101, -0.1760914, 0.8030373,0.9223057, -0.09339367, 0.1494392, -0.3439444,0.9824991, -0.1328771, 0.1157502, -0.06034221,-0.09795205, -0.1739995, -0.1763634, 0.9638597,-0.5382298, -0.0434215, -0.2264133, 0.8106542,0.9037328, -0.0930425, 0.2109301, -0.3607196,0.9714945, -0.15518, 0.1704922, -0.0552265,-0.05613808, -0.2470239, -0.2401905, 0.9370892,-0.4876341, -0.02830974, -0.2934185, 0.8217768,0.8639786, -0.1407218, 0.2590237, -0.408222,0.9501092, -0.2179569, 0.1984708, -0.1019641,1695797842108
0.04265796, 0.1106625, 0.4566504, 0.8817055,-0.09928207, 0.2480934, 0.4730903, 0.8395107,-0.3252891, 0.1091191, 0.5229319, 0.7802706,-0.4916899, -0.01070196, 0.5340883, 0.68766,-0.1062933, -0.01877586, -0.07285326, 0.9914845,-0.5820193, -0.02526771, -0.09187201, 0.8075733,0.9422658, -0.03263272, 0.08952111, -0.3210237,0.9953851, -0.05890614, 0.07489319, -0.01138686,-0.1039109, -0.09593876, -0.149718, 0.9785616,-0.5692453, -0.007017757, -0.1760688, 0.8030631,0.922305, -0.09320664, 0.1495392, -0.3439535,0.982497, -0.1327197, 0.1159092, -0.06041598,-0.09817438, -0.1741472, -0.176242, 0.9638326,-0.5381194, -0.04368994, -0.226366, 0.8107263,0.9036943, -0.09280139, 0.211041, -0.3608133,0.971482, -0.1549689, 0.1706898, -0.05542764,-0.05634078, -0.2471822, -0.2400481, 0.9370718,-0.487511, -0.02864751, -0.2933877, 0.8218491,0.8639216, -0.1404275, 0.2591856, -0.408341,0.9500872, -0.2177179, 0.1987359, -0.1021632,1695797842125
0.04270722, 0.1104527, 0.4563944, 0.8818619,-0.09911428, 0.2480652, 0.4728039, 0.8397002,-0.3252503, 0.109123, 0.5226586, 0.7804693,-0.4918192, -0.01073214, 0.5338209, 0.6877747,-0.1061835, -0.01890262, -0.07318207, 0.9914697,-0.5816492, -0.02526629, -0.09222491, 0.8077998,0.9421324, -0.03284867, 0.08980414, -0.3213141,0.9953474, -0.05919046, 0.07510199, -0.01182483,-0.1038135, -0.09605606, -0.1500504, 0.9785095,-0.5688899, -0.007061033, -0.1764346, 0.8032343,0.9221451, -0.09339304, 0.1498558, -0.3441938,0.9824049, -0.1329727, 0.1161778, -0.06084067,-0.09809837, -0.1742611, -0.176577, 0.9637585,-0.5377461, -0.04370946, -0.2266998, 0.8108796,0.9034907, -0.09298468, 0.2113225, -0.3611111,0.9713751, -0.1552064, 0.1709219, -0.05592034,-0.05627955, -0.2472979, -0.2403754, 0.9369611,-0.4871231, -0.0287819, -0.2937593, 0.8219417,0.863652, -0.1405241, 0.2595687, -0.4086347,0.9499175, -0.2179128, 0.1990903, -0.1026344,1695797842144
0.04288715, 0.1104589, 0.4561473, 0.8819802,-0.09874868, 0.248258, 0.4725466, 0.8398311,-0.32506, 0.1092949, 0.5224816, 0.7806431,-0.4918224, -0.01064114, 0.5336845, 0.6878796,-0.1060728, -0.01877829, -0.07346436, 0.991463,-0.5813035, -0.0250415, -0.09240378, 0.8080351,0.9420286, -0.03314714, 0.08981539, -0.3215845,0.9953309, -0.05946489, 0.07502975, -0.0122824,-0.1037334, -0.09592402, -0.1503386, 0.9784867,-0.5685288, -0.006901897, -0.1766337, 0.8034475,0.9220126, -0.09365665, 0.1499184, -0.3444499,0.9823411, -0.1332213, 0.1161861, -0.06130911,-0.09804515, -0.1741287, -0.1768711, 0.9637339,-0.5373677, -0.04354255, -0.2268792, 0.8110893,0.9033269, -0.09324048, 0.2113678, -0.3614282,0.9713091, -0.1554294, 0.1709147, -0.05646644,-0.05625635, -0.2471721, -0.2406742, 0.936919,-0.4867417, -0.02871778, -0.2939835, 0.8220897,0.8634233, -0.1407056, 0.259717, -0.4089611,0.9497938, -0.2181045, 0.1992021, -0.1031538,1695797842162
0.04288103, 0.1105549, 0.4561537, 0.8819652,-0.09854766, 0.248504, 0.4724921, 0.8398126,-0.3249285, 0.1095017, 0.5225059, 0.7806526,-0.4917896, -0.01051747, 0.5337532, 0.6878517,-0.106126, -0.01870106, -0.0734375, 0.9914608,-0.5810559, -0.02497839, -0.09231258, 0.8082256,0.9419997, -0.03316313, 0.08969805, -0.3217002,0.995337, -0.05942881, 0.07492495, -0.01259718,-0.1037911, -0.09585152, -0.1503085, 0.9784923,-0.5682788, -0.006913917, -0.1765671, 0.8036389,0.9219636, -0.09363101, 0.1498565, -0.3446147,0.9823285, -0.1331527, 0.1161641, -0.06170106,-0.09810299, -0.1740586, -0.1768379, 0.9637467,-0.5370985, -0.04358633, -0.2268008, 0.8112871,0.9032608, -0.09318488, 0.2113172, -0.3616374,0.9713002, -0.1553232, 0.1709184, -0.05689843,-0.05631696, -0.2471065, -0.2406415, 0.936941,-0.486476, -0.02884584, -0.2939421, 0.8222573,0.863323, -0.1405929, 0.2597454, -0.4091935,0.9497576, -0.2179733, 0.199303, -0.1035681,1695797842177
0.04278101, 0.1105168, 0.4559325, 0.8820892,-0.09843709, 0.2486572, 0.4721979, 0.8399458,-0.3249573, 0.1096636, 0.5222788, 0.7807698,-0.491982, -0.01041574, 0.5335661, 0.6878608,-0.1062242, -0.01876546, -0.07368462, 0.9914307,-0.5808009, -0.02496797, -0.09255045, 0.808382,0.9419273, -0.033322, 0.0898812, -0.3218448,0.9953111, -0.05962494, 0.07505899, -0.01291418,-0.1039002, -0.09592313, -0.1505445, 0.9784375,-0.5680066, -0.006982211, -0.1768249, 0.803774,0.9218556, -0.09373746, 0.150097, -0.3447701,0.9822581, -0.1333016, 0.1163895, -0.06207458,-0.09822736, -0.174133, -0.177062, 0.9636795,-0.5367782, -0.04365688, -0.2270166, 0.811435,0.9030961, -0.09325819, 0.211531, -0.3619046,0.9712174, -0.1554265, 0.1711288, -0.0573966,-0.056451, -0.2471953, -0.2408483, 0.9368564,-0.4861478, -0.02908389, -0.2942193, 0.8223439,0.863076, -0.1405358, 0.2601164, -0.4094986,0.9496055, -0.2180049, 0.1997116, -0.1041087,1695797842195
0.04262063, 0.1107205, 0.4559268, 0.8820744,-0.09824991, 0.2489937, 0.4720793, 0.8399347,-0.3248909, 0.1099417, 0.5222734, 0.780762,-0.4919803, -0.01019376, 0.5336223, 0.6878217,-0.1064639, -0.01867821, -0.07364073, 0.9914099,-0.580862, -0.02486496, -0.09242533, 0.8083555,0.9419561, -0.03333181, 0.08972012, -0.3218043,0.995326, -0.05958469, 0.07490242, -0.01285974,-0.1041431, -0.09585524, -0.1504831, 0.9784277,-0.5680051, -0.006918088, -0.1767036, 0.8038023,0.9218563, -0.09371608, 0.1499644, -0.3448318,0.982268, -0.1332263, 0.1162874, -0.0622706,-0.09846747, -0.1740727, -0.1769834, 0.9636803,-0.5367046, -0.0437175, -0.2269098, 0.8115103,0.9030584, -0.09313583, 0.2114829, -0.3620585,0.9712185, -0.1552603, 0.1711535, -0.05775272,-0.05668968, -0.2471517, -0.2407578, 0.9368767,-0.4860327, -0.02927914, -0.2941617, 0.8224256,0.8629999, -0.140325, 0.260187, -0.4096861,0.9495691, -0.2177791, 0.1999015, -0.1045473,1695797842212
0.04273364, 0.110934, 0.4561651, 0.8819188,-0.09784863, 0.2492918, 0.4722547, 0.8397945,-0.3245965, 0.1100934, 0.5225422, 0.7806832,-0.4917053, -0.01012936, 0.5339178, 0.6877899,-0.1064419, -0.01846041, -0.07333983, 0.9914387,-0.5807498, -0.02474236, -0.09201626, 0.8084866,0.9419495, -0.03319697, 0.08931483, -0.3219502,0.9953651, -0.05933014, 0.07455946, -0.01300506,-0.104119, -0.09563727, -0.1501891, 0.9784968,-0.5678461, -0.006803031, -0.1762947, 0.8040054,0.9218405, -0.09358174, 0.1495612, -0.3450853,0.9823148, -0.132959, 0.1159655, -0.0627015,-0.09842874, -0.1738559, -0.1766976, 0.9637758,-0.5365228, -0.04371312, -0.2265429, 0.8117332,0.9030493, -0.09293865, 0.2111751, -0.3623113,0.9712763, -0.154936, 0.1709601, -0.05822187,-0.05664736, -0.2469276, -0.2404924, 0.9370065,-0.4858475, -0.02936166, -0.2938445, 0.8226454,0.8630005, -0.1400988, 0.2599596, -0.4099067,0.9496163, -0.2174424, 0.1998137, -0.1049864,1695797842229
0.04255568, 0.1108444, 0.45654, 0.8817447,-0.09794663, 0.2492519, 0.4725364, 0.8396364,-0.3245695, 0.1100297, 0.5227912, 0.7805367,-0.4916895, -0.01028098, 0.5341455, 0.6876222,-0.106489, -0.01866623, -0.07293297, 0.9914598,-0.5805663, -0.02512126, -0.09174392, 0.8086376,0.9418585, -0.03272226, 0.08931561, -0.3222649,0.995377, -0.05888255, 0.07470522, -0.01328801,-0.1041203, -0.09584522, -0.1497823, 0.9785387,-0.5676202, -0.007212968, -0.1760284, 0.8042197,0.9217777, -0.09309445, 0.1495709, -0.3453807,0.9823341, -0.1324839, 0.1161295, -0.0631009,-0.09839156, -0.1740609, -0.1762909, 0.9638171,-0.5362154, -0.04416994, -0.2262617, 0.81199,0.90294, -0.09240148, 0.2112044, -0.3627037,0.9712862, -0.1544051, 0.1711853, -0.05880224,-0.05656726, -0.2471149, -0.2400856, 0.9370663,-0.4855423, -0.02995908, -0.2936192, 0.8228845,0.862869, -0.1394699, 0.2601115, -0.4103014,0.9496034, -0.2168639, 0.2001996, -0.1055629,1695797842246
0.04244565, 0.1109374, 0.4567186, 0.8816458,-0.09789368, 0.2493925, 0.4726422, 0.8395413,-0.3244226, 0.1101828, 0.5229216, 0.7804888,-0.491589, -0.01020263, 0.5343062, 0.6875704,-0.1066019, -0.01866307, -0.07271013, 0.991464,-0.5804595, -0.02520987, -0.09151934, 0.808737,0.9417974, -0.03251113, 0.08918719, -0.3225001,0.9953923, -0.05864245, 0.07464845, -0.01352367,-0.1042176, -0.09585086, -0.1495534, 0.9785628,-0.5674571, -0.007311082, -0.1757979, 0.8043842,0.9217294, -0.09288096, 0.1494372, -0.3456249,0.9823487, -0.1322226, 0.1160842, -0.0635025,-0.09847099, -0.1740689, -0.1760564, 0.9638504,-0.5359707, -0.04437857, -0.2260416, 0.8122014,0.9028512, -0.09210016, 0.2111441, -0.3630363,0.9712924, -0.1540575, 0.1712617, -0.05938758,-0.05662985, -0.247122, -0.23985, 0.937121,-0.4853002, -0.0302783, -0.293446, 0.8230774,0.8627658, -0.1391017, 0.2601501, -0.4106189,0.9495873, -0.2164862, 0.2004022, -0.1060973,1695797842264
0.04507972, 0.1075539, 0.455881, 0.8823676,-0.09557641, 0.247397, 0.4720812, 0.8407136,-0.3227561, 0.1082574, 0.5218681, 0.7821526,-0.4907521, -0.01216109, 0.5328396, 0.6892724,-0.1027842, -0.02003931, -0.07446486, 0.9917101,-0.5794665, -0.02497105, -0.09385007, 0.8091892,0.940766, -0.03392087, 0.0909987, -0.3248505,0.9951412, -0.06053626, 0.07593912, -0.016203,-0.1004241, -0.09691868, -0.1515726, 0.9785436,-0.5659918, -0.007286102, -0.1782676, 0.8048732,0.9205036, -0.09416499, 0.1515433, -0.3476216,0.9817542, -0.1340616, 0.1177282, -0.06577387,-0.09480185, -0.1750185, -0.1783356, 0.9636273,-0.5341872, -0.04375586, -0.2284919, 0.8127244,0.9013819, -0.09383121, 0.2128822, -0.3652225,0.970566, -0.1561863, 0.172421, -0.06227817,-0.05305467, -0.2478462, -0.2422855, 0.9365122,-0.4833817, -0.02967713, -0.2958894, 0.8233534,0.8611054, -0.1408243, 0.2619156, -0.4123909,0.9485751, -0.2186502, 0.2015524, -0.108508,1695797842281
0.04664102, 0.1058597, 0.4553834, 0.8827482,-0.09431856, 0.2469432, 0.4717503, 0.8411746,-0.3221866, 0.1075698, 0.521496, 0.7827302,-0.4905556, -0.01292309, 0.5323179, 0.6898013,-0.1006793, -0.02059134, -0.07543857, 0.9918411,-0.5802097, -0.02410676, -0.09490507, 0.8085595,0.9405193, -0.03509855, 0.09141225, -0.3253236,0.995053, -0.0617805, 0.07596892, -0.01677724,-0.09835065, -0.09730163, -0.1526928, 0.978542,-0.5662911, -0.006773599, -0.179516, 0.8043895,0.9201316, -0.09513811, 0.1523831, -0.3479741,0.9814989, -0.1352336, 0.1182529, -0.06624227,-0.09280492, -0.1753384, -0.1796008, 0.9635285,-0.5342799, -0.04292899, -0.2298095, 0.812336,0.9008765, -0.09504931, 0.2135906, -0.3657406,0.9702284, -0.1575072, 0.1727623, -0.06325756,-0.05112539, -0.248047, -0.2436453, 0.9362136,-0.4834773, -0.02873034, -0.297186, 0.8228638,0.8605825, -0.1421251, 0.2625746, -0.4126169,0.9481369, -0.2200618, 0.2017864, -0.1090481,1695797842298
0.04440577, 0.1085882, 0.4557189, 0.8823588,-0.09664069, 0.2492535, 0.4718665, 0.8401639,-0.3240565, 0.1098153, 0.5222316, 0.7811543,-0.4919462, -0.01084315, 0.5335426, 0.687898,-0.1039045, -0.01950934, -0.0743998, 0.9916087,-0.5826609, -0.02381756, -0.09334251, 0.8069859,0.9415858, -0.03442532, 0.08997221, -0.3227011,0.9952528, -0.06070073, 0.07480322, -0.01384909,-0.101579, -0.0964803, -0.1514254, 0.9784905,-0.5688608, -0.006707825, -0.1780088, 0.8029104,0.9213498, -0.0943123, 0.1511202, -0.3455177,0.9819575, -0.1340863, 0.1172732, -0.06346101,-0.09595855, -0.1746183, -0.1781069, 0.9636277,-0.5369558, -0.04300263, -0.2282259, 0.8110131,0.9022232, -0.09402808, 0.2123558, -0.3633964,0.9707741, -0.1561664, 0.1718963, -0.06050954,-0.05422273, -0.2475327, -0.242003, 0.9366013,-0.4863689, -0.02895822, -0.2957211, 0.8216786,0.8621254, -0.1409944, 0.2615534, -0.4104269,0.9488875, -0.2186734, 0.2011753, -0.1064091,1695797842316
0.0435917, 0.1094235, 0.4558975, 0.8822039,-0.09745564, 0.2496484, 0.4719772, 0.8398902,-0.3247026, 0.1102061, 0.5224379, 0.7806929,-0.492357, -0.01042003, 0.5338335, 0.6873847,-0.104989, -0.01925413, -0.07398917, 0.9915302,-0.5831157, -0.02394715, -0.09283263, 0.8067123,0.9419018, -0.03405372, 0.0896198, -0.3219156,0.9953088, -0.06023819, 0.07458367, -0.01300114,-0.1026511, -0.09631176, -0.1509377, 0.9784706,-0.5693868, -0.00681959, -0.1774722, 0.8026555,0.9216868, -0.09393825, 0.1507266, -0.3448921,0.9820877, -0.1335939, 0.117028, -0.06293452,-0.09699715, -0.1744819, -0.1775427, 0.9636526,-0.5375551, -0.04322894, -0.2276733, 0.8107593,0.9026105, -0.09355032, 0.2120194, -0.3627537,0.9709356, -0.155597, 0.1717366, -0.05983359,-0.05523053, -0.2474602, -0.2413857, 0.9367208,-0.4870321, -0.02925682, -0.295207, 0.82146,0.8625461, -0.1404548, 0.261296, -0.4098915,0.9491073, -0.2180736, 0.2011145, -0.1057928,1695797842333
0.04343033, 0.1097791, 0.4559524, 0.8821393,-0.09759934, 0.2496519, 0.472054, 0.8398293,-0.3248174, 0.1101928, 0.5225118, 0.7805976,-0.4923382, -0.01036492, 0.5339041, 0.6873442,-0.1052982, -0.01904488, -0.07384769, 0.991512,-0.583082, -0.0239441, -0.09261403, 0.8067619,0.9420426, -0.03396881, 0.08942483, -0.3215666,0.9953344, -0.06009864, 0.07442334, -0.01260169,-0.1029667, -0.0961282, -0.1507754, 0.9784805,-0.5694355, -0.00670585, -0.1772042, 0.8026811,0.9218176, -0.09391521, 0.1504202, -0.3446825,0.9821454, -0.1334704, 0.1167559, -0.06280269,-0.09730616, -0.1743092, -0.1773604, 0.9636862,-0.537703, -0.04319746, -0.2274313, 0.8107309,0.9027978, -0.09348661, 0.2117812, -0.3624432,0.9710166, -0.1554648, 0.1715276, -0.05946156,-0.05553912, -0.2473083, -0.241195, 0.9367918,-0.4872043, -0.02922744, -0.2949737, 0.8214427,0.8627414, -0.1403885, 0.2610648, -0.4096507,0.9492174, -0.2179435, 0.2009089, -0.1054635,1695797842350
0.04353886, 0.1099082, 0.4559947, 0.882096,-0.0976143, 0.2494039, 0.472192, 0.8398237,-0.3248222, 0.1099218, 0.5225752, 0.7805914,-0.4922599, -0.01057979, 0.533906, 0.6873955,-0.1052664, -0.01888217, -0.07378065, 0.9915235,-0.5829938, -0.02394187, -0.09251744, 0.8068367,0.9421343, -0.03394829, 0.08933198, -0.3213257,0.9953485, -0.06006119, 0.07433264, -0.01219771,-0.1029444, -0.09596419, -0.1507128, 0.9785085,-0.5693889, -0.006560766, -0.177051, 0.8027492,0.921883, -0.09397794, 0.150194, -0.3445892,0.9821781, -0.1334597, 0.1165272, -0.06273794,-0.09728496, -0.1741462, -0.1773028, 0.9637284,-0.53772, -0.04307543, -0.2273035, 0.8107619,0.9028919, -0.09355104, 0.2115906, -0.3623034,0.9710678, -0.1554829, 0.1713109, -0.05920236,-0.05552599, -0.2471449, -0.241149, 0.9368476,-0.4872342, -0.02905636, -0.2948343, 0.8214812,0.8628312, -0.1404803, 0.2608386, -0.4095741,0.949287, -0.2179749, 0.2006451, -0.1052744,1695797842369
0.04362774, 0.1101227, 0.4558532, 0.882138,-0.0974931, 0.2492772, 0.4721221, 0.8399147,-0.3247721, 0.1097914, 0.5224789, 0.780695,-0.4921327, -0.01060614, 0.5337845, 0.6875806,-0.1053227, -0.01864032, -0.07389878, 0.9915133,-0.5828977, -0.02374019, -0.09251454, 0.8069124,0.9422376, -0.03414946, 0.08919839, -0.3210387,0.9953571, -0.06021008, 0.07414367, -0.01190261,-0.1030291, -0.09572852, -0.1508267, 0.9785051,-0.5693312, -0.006253252, -0.1770024, 0.8028032,0.9219374, -0.09423637, 0.1499615, -0.3444742,0.9821901, -0.133627, 0.1162444, -0.06271918,-0.0973866, -0.1739157, -0.1774131, 0.9637395,-0.5377703, -0.04282934, -0.2272926, 0.8107446,0.9029968, -0.09379021, 0.2114229, -0.362078,0.9710978, -0.1556613, 0.1710725, -0.05893097,-0.05565195, -0.246929, -0.2412623, 0.9368679,-0.4873147, -0.02871924, -0.2947938, 0.8214598,0.8629509, -0.1407787, 0.2605945, -0.4093748,0.9493386, -0.2181841, 0.2003094, -0.1050142,1695797842384
0.04379565, 0.1101475, 0.4559233, 0.8820904,-0.0972788, 0.2489835, 0.4722437, 0.8399583,-0.3246039, 0.1094584, 0.5225187, 0.7807851,-0.4918616, -0.01084077, 0.5337503, 0.6877974,-0.1051835, -0.01853676, -0.07382539, 0.9915355,-0.582765, -0.02369487, -0.092409, 0.8070217,0.9423161, -0.03415965, 0.08907294, -0.320842,0.9953703, -0.06017942, 0.07402235, -0.01170898,-0.1028945, -0.09561483, -0.1507657, 0.9785398,-0.5692364, -0.006087716, -0.1768527, 0.8029047,0.9219705, -0.09431301, 0.1497298, -0.3444654,0.9822137, -0.1336232, 0.1160121, -0.06278683,-0.09725162, -0.1737993, -0.1773651, 0.963783,-0.5378284, -0.04270606, -0.2271994, 0.8107387,0.9031057, -0.09387648, 0.2112595, -0.3618793,0.9711419, -0.1557018, 0.1708811, -0.05865084,-0.05552251, -0.2468031, -0.241231, 0.9369168,-0.487384, -0.02843581, -0.2946389, 0.8214841,0.8630953, -0.140974, 0.2602825, -0.4092014,0.9494246, -0.2182783, 0.1999381, -0.1047485,1695797842403
0.04343142, 0.1101771, 0.4559698, 0.8820806,-0.09762526, 0.2486863, 0.4722532, 0.8400008,-0.3248864, 0.1092117, 0.5224373, 0.7807566,-0.4919328, -0.01090948, 0.5336187, 0.6878475,-0.105498, -0.01870988, -0.07374789, 0.9915046,-0.5830434, -0.02384111, -0.09239452, 0.806818,0.942479, -0.034047, 0.08914004, -0.3203563,0.9953747, -0.06009739, 0.07411779, -0.01114083,-0.1031871, -0.09581125, -0.1506637, 0.9785056,-0.5694892, -0.006193702, -0.176814, 0.8027331,0.922067, -0.09419646, 0.1497617, -0.344225,0.9822371, -0.1335218, 0.1160752, -0.06252039,-0.09752885, -0.1740019, -0.1772377, 0.9637418,-0.5381688, -0.04291121, -0.2271964, 0.8105028,0.9032459, -0.09370235, 0.2113751, -0.3615069,0.9711649, -0.1555946, 0.171026, -0.05813057,-0.05577555, -0.2470193, -0.2410761, 0.9368846,-0.4877205, -0.02848578, -0.2945533, 0.8213134,0.8632585, -0.1408716, 0.2602465, -0.4089154,0.9494916, -0.2181816, 0.1999245, -0.1043684,1695797842419
0.04339887, 0.1102732, 0.4556953, 0.8822121,-0.09771366, 0.2485182, 0.4720433, 0.8401582,-0.3249646, 0.1091413, 0.5221823, 0.7809045,-0.4918543, -0.01077507, 0.5333574, 0.6881084,-0.105616, -0.01862001, -0.07403059, 0.9914727,-0.5831674, -0.02355915, -0.0925637, 0.8067173,0.9425528, -0.03438348, 0.08911143, -0.3201111,0.9953685, -0.06040829, 0.07398587, -0.01088443,-0.1033316, -0.09573127, -0.1509343, 0.9784564,-0.5695901, -0.005907437, -0.1769758, 0.802628,0.9220489, -0.09450568, 0.1497465, -0.3441955,0.9822135, -0.1338177, 0.1159661, -0.06246084,-0.09769657, -0.1739274, -0.177496, 0.9636907,-0.5383852, -0.04269462, -0.2273993, 0.8103136,0.9032708, -0.09396909, 0.2114311, -0.3613428,0.9711447, -0.1558891, 0.1709733, -0.05783216,-0.05596615, -0.2469659, -0.2413213, 0.9368243,-0.4879876, -0.0280586, -0.2946678, 0.8211283,0.8633131, -0.1412496, 0.2601249, -0.4087469,0.9494977, -0.2185174, 0.1996661, -0.104104,1695797842437
0.04331294, 0.1103697, 0.45541, 0.8823516,-0.09793788, 0.2483559, 0.4718322, 0.8402987,-0.3251516, 0.1090882, 0.5219253, 0.7810059,-0.4918658, -0.01061935, 0.533098, 0.6883035,-0.1057807, -0.01855723, -0.07432218, 0.9914345,-0.5832236, -0.02331433, -0.092751, 0.8066623,0.9426279, -0.03470856, 0.08911578, -0.3198536,0.9953595, -0.06071685, 0.07389025, -0.01063969,-0.1035208, -0.09568184, -0.15121, 0.9783987,-0.5697004, -0.00570025, -0.1771778, 0.8025066,0.9220442, -0.09477847, 0.1498049, -0.3441076,0.9821851, -0.1340985, 0.1159399, -0.06235443,-0.0979082, -0.1738845, -0.1777551, 0.9636292,-0.5386525, -0.04250028, -0.2276201, 0.8100842,0.9033266, -0.09423452, 0.2115113, -0.3610871,0.9711255, -0.1561916, 0.1709426, -0.05742812,-0.05619833, -0.2469468, -0.2415626, 0.9367532,-0.4883172, -0.02768579, -0.2948158, 0.8208919,0.8634134, -0.1416152, 0.2600538, -0.4084537,0.9495091, -0.2188638, 0.199453, -0.10368,1695797842454
0.04322534, 0.1105326, 0.4552217, 0.8824326,-0.09821685, 0.2482756, 0.4717245, 0.8403503,-0.3253491, 0.1090974, 0.5217878, 0.7810142,-0.491912, -0.01046485, 0.5329684, 0.6883733,-0.1059661, -0.01844845, -0.07449275, 0.9914039,-0.5833408, -0.02320975, -0.09286441, 0.8065675,0.9426808, -0.03486293, 0.08914632, -0.3196722,0.9953537, -0.06087535, 0.07386936, -0.01041997,-0.1037262, -0.09558833, -0.1513648, 0.9783621,-0.5698957, -0.005606007, -0.1772979, 0.8023422,0.9220544, -0.09489818, 0.1498677, -0.3440201,0.9821768, -0.1342451, 0.1159493, -0.06215089,-0.09812828, -0.1737982, -0.177894, 0.9635968,-0.5389923, -0.04230975, -0.2277167, 0.8098409,0.9034058, -0.09440964, 0.211499, -0.3608502,0.9711384, -0.1563912, 0.1708414, -0.05696584,-0.05643388, -0.2468822, -0.2416879, 0.9367237,-0.4887145, -0.02731236, -0.2948408, 0.8206589,0.8635529, -0.1419007, 0.259887, -0.4081659,0.9495634, -0.2191111, 0.1991667, -0.1032094,1695797842471
0.04290241, 0.1105243, 0.4551916, 0.8824649,-0.09896044, 0.2480332, 0.4717609, 0.8403143,-0.325832, 0.1090026, 0.5217252, 0.7808679,-0.4921926, -0.0104213, 0.5328885, 0.6882352,-0.1062381, -0.01862429, -0.07450992, 0.9913702,-0.5834364, -0.02352031, -0.09301324, 0.8064721,0.9426496, -0.03468084, 0.08945338, -0.3196984,0.9953325, -0.06080022, 0.0742159, -0.01042292,-0.1039829, -0.09578412, -0.1513594, 0.9783165,-0.57006, -0.005911137, -0.1774423, 0.8021913,0.9220101, -0.09468497, 0.1501847, -0.3440593,0.9821545, -0.1341492, 0.1162957, -0.06206344,-0.098377, -0.1739993, -0.1778653, 0.9635404,-0.5392243, -0.04248835, -0.2277956, 0.8096549,0.9033768, -0.09424023, 0.2116953, -0.360852,0.9711249, -0.1563329, 0.1710443, -0.05674757,-0.05666536, -0.2470976, -0.2416317, 0.9366674,-0.4889899, -0.02731347, -0.2948343, 0.8204972,0.8635514, -0.1418072, 0.2599308, -0.4081736,0.9495837, -0.219074, 0.199198, -0.103041,1695797842488
0.04318583, 0.1104198, 0.4551659, 0.8824775,-0.09893656, 0.2477203, 0.4718665, 0.84035,-0.3257002, 0.1087521, 0.5217244, 0.7809584,-0.4919702, -0.01057705, 0.5328335, 0.6884344,-0.1059502, -0.01855942, -0.07457513, 0.9913973,-0.5831107, -0.02339571, -0.09303036, 0.8067092,0.942509, -0.03478888, 0.08939654, -0.3201168,0.9953279, -0.06087706, 0.07413495, -0.01097369,-0.1037065, -0.09569725, -0.1514466, 0.9783409,-0.5697383, -0.005785807, -0.1774623, 0.8024163,0.921819, -0.09477769, 0.1501451, -0.3445627,0.9821098, -0.1342121, 0.1162474, -0.06272157,-0.09811103, -0.1739055, -0.1779748, 0.9635643,-0.5389957, -0.04235757, -0.2278404, 0.8098014,0.903203, -0.09433304, 0.2116759, -0.3612741,0.9710919, -0.1564103, 0.1710006, -0.05722854,-0.05641431, -0.2469887, -0.2417624, 0.9366776,-0.4887926, -0.02698162, -0.2947976, 0.8206389,0.8633811, -0.1420078, 0.2597449, -0.4085821,0.9495533, -0.2191963, 0.1989639, -0.1035134,1695797842507
0.04315376, 0.1102076, 0.4552357, 0.8824695,-0.09923715, 0.2473641, 0.47199, 0.8403502,-0.3257837, 0.108513, 0.5217169, 0.7809618,-0.4920462, -0.01080357, 0.5327728, 0.6884235,-0.1058582, -0.01876229, -0.07453913, 0.991406,-0.5827816, -0.02358783, -0.09308363, 0.8069354,0.9423676, -0.03466198, 0.08955164, -0.3205034,0.9953126, -0.06079702, 0.07432813, -0.01148802,-0.1035953, -0.09589145, -0.1514168, 0.9783383,-0.5694525, -0.006028547, -0.177537, 0.8026009,0.9216663, -0.09461013, 0.1503485, -0.3449281,0.982065, -0.1341023, 0.1165003, -0.06318624,-0.09799081, -0.1740944, -0.1779507, 0.9635468,-0.5387576, -0.04257328, -0.2278987, 0.8099321,0.9030325, -0.09416004, 0.2118588, -0.3616378,0.9710482, -0.1563129, 0.1712208, -0.05757699,-0.05627879, -0.2471647, -0.241737, 0.9366459,-0.4885639, -0.02710297, -0.2948049, 0.8207684,0.8631724, -0.1418532, 0.2598503, -0.4090097,0.9494998, -0.2190921, 0.1991058, -0.1039502,1695797842523
0.04308558, 0.1102805, 0.4550063, 0.8825821,-0.09934738, 0.2473598, 0.4717895, 0.840451,-0.3258791, 0.1085894, 0.5215176, 0.7810445,-0.4921894, -0.0107092, 0.5325951, 0.6884601,-0.1059874, -0.01871522, -0.07477441, 0.9913754,-0.5827578, -0.02336402, -0.09321911, 0.8069434,0.9423388, -0.03491895, 0.08953405, -0.3205652,0.9953038, -0.06103171, 0.07423484, -0.01161034,-0.1037441, -0.09585482, -0.1516395, 0.9782916,-0.5693964, -0.005864558, -0.1776878, 0.8026085,0.9215838, -0.09481283, 0.1503924, -0.345074,0.9820252, -0.1343034, 0.1164901, -0.06339701,-0.09815758, -0.1740628, -0.1781603, 0.9634968,-0.538737, -0.04248441, -0.2280663, 0.8099032,0.9029376, -0.09429219, 0.2119626, -0.3617796,0.971003, -0.1564712, 0.1712774, -0.0577409,-0.05646196, -0.247152, -0.2419323, 0.9365878,-0.4885418, -0.02694575, -0.2949348, 0.8207402,0.8630444, -0.1419965, 0.259903, -0.4091965,0.9494385, -0.219242, 0.1991119, -0.104182,1695797842542
0.042337, 0.1105986, 0.4551309, 0.8825142,-0.1001656, 0.2476321, 0.471807, 0.8402638,-0.3264733, 0.108941, 0.5215893, 0.7806995,-0.4927786, -0.01045001, 0.5327423, 0.6879286,-0.1067607, -0.01885652, -0.07453071, 0.9913081,-0.5830477, -0.02372294, -0.09305948, 0.806742,0.9423852, -0.03451339, 0.08961959, -0.3204486,0.995313, -0.06068153, 0.07443519, -0.01136923,-0.1044842, -0.09605544, -0.1513379, 0.9782399,-0.569676, -0.006290475, -0.1775351, 0.8024406,0.9216575, -0.09434687, 0.1505223, -0.3449481,0.9820647, -0.1339051, 0.1167378, -0.06317073,-0.09886601, -0.1742822, -0.1778001, 0.9634513,-0.5389321, -0.04295704, -0.2278495, 0.8098095,0.9029679, -0.09373467, 0.212072, -0.3617847,0.9710369, -0.1559874, 0.1715478, -0.05767637,-0.05712816, -0.2474102, -0.2415185, 0.936586,-0.4887311, -0.02751784, -0.2947419, 0.8206777,0.8630654, -0.1413495, 0.2600968, -0.4092532,0.9494799, -0.2186998, 0.1995005, -0.1042015,1695797842559
0.04221395, 0.1106107, 0.4551108, 0.882529,-0.1001602, 0.247637, 0.4717375, 0.8403021,-0.3264862, 0.1089596, 0.5215248, 0.7807345,-0.4928272, -0.01043918, 0.5326831, 0.6879398,-0.1068733, -0.01890991, -0.07454369, 0.991294,-0.583051, -0.02385493, -0.09312334, 0.8067282,0.9423809, -0.03444296, 0.08974796, -0.3204328,0.9953051, -0.06066174, 0.07457323, -0.01125933,-0.1045926, -0.09611723, -0.1513416, 0.9782217,-0.5696499, -0.006350765, -0.1775613, 0.8024529,0.9216427, -0.09431157, 0.1505778, -0.3449731,0.9820578, -0.1338873, 0.1168012, -0.06319967,-0.09897223, -0.1743464, -0.1777943, 0.9634298,-0.5388457, -0.04306361, -0.2278687, 0.8098559,0.9029326, -0.09366329, 0.2121457, -0.3618482,0.9710211, -0.155936, 0.1716467, -0.05778749,-0.05722906, -0.2474811, -0.2415019, 0.9365654,-0.488607, -0.0276539, -0.2947603, 0.8207404,0.8630311, -0.1412682, 0.2601762, -0.4093029,0.9494643, -0.21865, 0.199601, -0.1042552,1695797842576
0.04202662, 0.1107819, 0.4551145, 0.8825145,-0.1002996, 0.2477605, 0.471711, 0.8402639,-0.3265534, 0.1091233, 0.5215253, 0.7806833,-0.4929062, -0.0102991, 0.5327199, 0.6878568,-0.1071177, -0.01886527, -0.07449445, 0.9912722,-0.5831614, -0.02402569, -0.0931173, 0.8066441,0.9423703, -0.03428566, 0.08984742, -0.3204531,0.995303, -0.06055457, 0.07470748, -0.01113038,-0.1048361, -0.09609199, -0.1512743, 0.9782085,-0.5697575, -0.006427757, -0.177509, 0.8023874,0.9216416, -0.09419514, 0.1505923, -0.3450015,0.9820748, -0.1337982, 0.116828, -0.06307437,-0.09921099, -0.1743284, -0.177709, 0.9634243,-0.5389323, -0.04311933, -0.2277848, 0.809819,0.9029264, -0.09353667, 0.2121228, -0.3619098,0.9710368, -0.1558148, 0.1716594, -0.0578132,-0.05746283, -0.2474787, -0.2414027, 0.9365773,-0.4887002, -0.02775728, -0.2946966, 0.8207043,0.8630555, -0.1411261, 0.2601922, -0.4092904,0.9494845, -0.2185232, 0.1996601, -0.1042241,1695797842593
0.04218008, 0.110751, 0.4551215, 0.8825074,-0.1001416, 0.2477061, 0.4717453, 0.8402796,-0.3263928, 0.1090703, 0.5215416, 0.780747,-0.4928017, -0.01038378, 0.5327233, 0.6879277,-0.1069718, -0.01881042, -0.07450148, 0.9912884,-0.5829037, -0.02405868, -0.09312879, 0.8068281,0.942282, -0.03426973, 0.08987423, -0.3207068,0.9952985, -0.06055062, 0.07473563, -0.01136127,-0.1046962, -0.09602616, -0.1512929, 0.978227,-0.5695423, -0.00639087, -0.1774946, 0.8025437,0.921547, -0.09421588, 0.1505608, -0.3452622,0.9820586, -0.1338069, 0.1167943, -0.06336888,-0.09907512, -0.1742592, -0.1777395, 0.9634451,-0.5387278, -0.04307149, -0.2277704, 0.8099617,0.9028327, -0.09356443, 0.2120853, -0.3621581,0.971023, -0.1558191, 0.1716243, -0.058136,-0.0573344, -0.2474015, -0.2414458, 0.9365945,-0.4885054, -0.02772534, -0.2946944, 0.8208221,0.8629763, -0.1411621, 0.2601668, -0.4094612,0.9494634, -0.2185449, 0.1996287, -0.1044304,1695797842613
0.04208895, 0.1108628, 0.4550727, 0.882523,-0.1002142, 0.2477385, 0.4716949, 0.8402897,-0.326393, 0.1091635, 0.5214919, 0.780767,-0.4928099, -0.0102844, 0.5326957, 0.6879447,-0.107113, -0.01875987, -0.07452784, 0.9912722,-0.5828993, -0.024126, -0.09316251, 0.8068253,0.9422064, -0.03421459, 0.08994819, -0.320914,0.9952925, -0.06053017, 0.07481587, -0.01146304,-0.1048426, -0.09598698, -0.1513083, 0.9782128,-0.5695271, -0.006426472, -0.1775082, 0.8025512,0.9214756, -0.09416658, 0.1506092, -0.3454449,0.9820464, -0.1337794, 0.1168483, -0.06351624,-0.09922385, -0.1742247, -0.177744, 0.9634352,-0.5386717, -0.04308827, -0.2277525, 0.810003,0.9027287, -0.09349286, 0.2121011, -0.3624266,0.971007, -0.1557495, 0.1716679, -0.05846097,-0.0574857, -0.2473788, -0.2414417, 0.9365923,-0.48845, -0.02784562, -0.2947212, 0.8208414,0.8628575, -0.1410241, 0.2602848, -0.4096839,0.9494147, -0.2184353, 0.199805, -0.1047649,1695797842629
0.04196462, 0.1108776, 0.4551671, 0.8824784,-0.1002803, 0.2476878, 0.4717533, 0.8402639,-0.3263578, 0.1091602, 0.5215213, 0.7807626,-0.4928012, -0.01031492, 0.5327232, 0.6879292,-0.1072108, -0.01882242, -0.07441338, 0.991269,-0.5828739, -0.02422461, -0.09307538, 0.8068508,0.9421297, -0.03406393, 0.08994169, -0.321157,0.9952968, -0.06039402, 0.07484932, -0.01159765,-0.1049267, -0.09605671, -0.1511873, 0.9782157,-0.5694707, -0.006582368, -0.1774388, 0.8026053,0.9213946, -0.0939704, 0.1506566, -0.3456936,0.982038, -0.1336, 0.1169569, -0.06382374,-0.09929603, -0.1742959, -0.1776163, 0.9634385,-0.5385342, -0.04326826, -0.2276642, 0.8101098,0.9026034, -0.09325217, 0.2121489, -0.3627726,0.9709908, -0.1555171, 0.1718067, -0.05893758,-0.05754374, -0.2474505, -0.2413078, 0.9366043,-0.4882717, -0.02817399, -0.2946875, 0.8209484,0.8626905, -0.1406827, 0.2604667, -0.4100372,0.9493554, -0.2181396, 0.200124, -0.105308,1695797842646
0.04189359, 0.1108183, 0.4551956, 0.8824745,-0.1001223, 0.2476584, 0.4717062, 0.8403179,-0.3262047, 0.1091554, 0.5214657, 0.7808644,-0.4927519, -0.01036691, 0.5326668, 0.6880074,-0.1072359, -0.018913, -0.07438989, 0.9912663,-0.5827307, -0.02425419, -0.09305972, 0.8069551,0.942049, -0.03402397, 0.08994858, -0.321396,0.9952949, -0.06036057, 0.07486641, -0.01181824,-0.1049424, -0.09614859, -0.1511615, 0.978209,-0.5693095, -0.006712909, -0.1774598, 0.8027139,0.9212887, -0.09385956, 0.1507562, -0.3459624,0.9820108, -0.1335158, 0.1170922, -0.06416973,-0.09930639, -0.1743872, -0.177588, 0.9634261,-0.5383192, -0.04342416, -0.2276708, 0.8102424,0.9024717, -0.09311009, 0.2122502, -0.3630774,0.970956, -0.1553962, 0.1719642, -0.05937067,-0.05754542, -0.2475402, -0.2412744, 0.9365891,-0.4880067, -0.02846955, -0.2947412, 0.8210765,0.8625062, -0.1404445, 0.260688, -0.410366,0.9492735, -0.2179581, 0.2004424, -0.1058154,1695797842663
0.04205009, 0.1108302, 0.4553297, 0.8823963,-0.09983534, 0.2476865, 0.4718266, 0.8402761,-0.325955, 0.1091242, 0.5215945, 0.7808869,-0.4925275, -0.01043682, 0.5327852, 0.6880754,-0.1070901, -0.01883238, -0.07424783, 0.9912943,-0.5826983, -0.0241832, -0.09288109, 0.8070012,0.942037, -0.03397518, 0.08976309, -0.3214881,0.9953125, -0.06025819, 0.07470392, -0.01188571,-0.1047945, -0.09605717, -0.1510331, 0.9782536,-0.5692718, -0.006634382, -0.1772837, 0.8027802,0.9212741, -0.09381697, 0.1505719, -0.3460934,0.9820322, -0.1334171, 0.1169333, -0.06433719,-0.09915228, -0.1742923, -0.1774739, 0.9634802,-0.5382521, -0.04338315, -0.2275229, 0.8103308,0.9024695, -0.09306195, 0.2121043, -0.3631806,0.9709817, -0.1552906, 0.1718534, -0.05954738,-0.05739074, -0.2474323, -0.2411785, 0.9366518,-0.4879158, -0.02840671, -0.2945867, 0.8211881,0.8625266, -0.1404321, 0.2605132, -0.4104383,0.9493111, -0.2178792, 0.2002921, -0.1059246,1695797842681
0.04236347, 0.1107331, 0.4551249, 0.8824992,-0.09939368, 0.2477088, 0.4716471, 0.8404226,-0.3256628, 0.109133, 0.5214409, 0.7811102,-0.4923089, -0.01040632, 0.5326372, 0.6883468,-0.106808, -0.01872833, -0.07451157, 0.9913069,-0.582641, -0.02379396, -0.0930156, 0.8070387,0.9420589, -0.03438365, 0.08964273, -0.3214139,0.9953101, -0.06060769, 0.07446317, -0.0118234,-0.1045409, -0.09593188, -0.1513162, 0.9782493,-0.5692123, -0.006250823, -0.177428, 0.8027936,0.9212593, -0.09422734, 0.1504692, -0.3460656,0.9820037, -0.1337687, 0.1167293, -0.06441157,-0.09892531, -0.1741615, -0.1777763, 0.9634714,-0.5382127, -0.04307992, -0.2277316, 0.8103145,0.9024749, -0.09345756, 0.2120925, -0.3630724,0.9709491, -0.1556521, 0.1717265, -0.05950035,-0.05719458, -0.2472953, -0.2414975, 0.9366177,-0.4878363, -0.02804291, -0.2947674, 0.821183,0.862536, -0.1408846, 0.2604338, -0.4103138,0.9492792, -0.2182807, 0.2000694, -0.1058047,1695797842697
0.04247636, 0.110502, 0.4551362, 0.8825169,-0.09928447, 0.2475973, 0.4716518, 0.8404658,-0.3256739, 0.1089548, 0.5214295, 0.7811381,-0.4923894, -0.01062654, 0.5325851, 0.6883261,-0.1065933, -0.01886453, -0.07455225, 0.9913244,-0.5825129, -0.02383784, -0.09311005, 0.807119,0.9420721, -0.03442236, 0.08973753, -0.3213448,0.9953008, -0.06067244, 0.07454246, -0.01177461,-0.1043186, -0.09605033, -0.1513721, 0.9782528,-0.5691091, -0.006293057, -0.1775286, 0.8028442,0.9212708, -0.09427854, 0.1505575, -0.3459828,0.9819877, -0.1338378, 0.1168052, -0.06437478,-0.0987035, -0.1742724, -0.1778471, 0.963461,-0.5381182, -0.04311788, -0.2278461, 0.810343,0.9024938, -0.09353825, 0.2121876, -0.362949,0.9709281, -0.1557588, 0.1717911, -0.05937676,-0.05696991, -0.2473898, -0.2415763, 0.9365861,-0.4877179, -0.02811951, -0.2948939, 0.8212053,0.8625537, -0.1409573, 0.2605459, -0.4101805,0.9492587, -0.2183979, 0.2001386, -0.1056165,1695797842715
0.04278439, 0.1102198, 0.4549672, 0.8826244,-0.09897189, 0.2474409, 0.4715212, 0.840622,-0.3256092, 0.1087113, 0.5212879, 0.7812935,-0.4924023, -0.01086396, 0.532392, 0.6884626,-0.1062156, -0.01892295, -0.0748134, 0.9913441,-0.5823452, -0.02355928, -0.09331122, 0.8072249,0.9421191, -0.03480018, 0.08972721, -0.321169,0.9952897, -0.06102175, 0.07442023, -0.01167961,-0.103956, -0.09607885, -0.1516589, 0.9782441,-0.5689301, -0.006071199, -0.1777608, 0.8029214,0.921276, -0.09464037, 0.1505954, -0.3458538,0.981946, -0.1341782, 0.1167561, -0.06439172,-0.09836257, -0.1742906, -0.1781591, 0.9634349,-0.5379966, -0.04293654, -0.2281317, 0.810353,0.9025166, -0.09391817, 0.2122899, -0.3627343,0.9708784, -0.1561413, 0.1717776, -0.05922382,-0.05664973, -0.2473911, -0.2419046, 0.9365205,-0.4875786, -0.0279616, -0.2951902, 0.821187,0.8625668, -0.1413418, 0.2606561, -0.4099505,0.9491975, -0.2188003, 0.2001137, -0.1053807,1695797842732
0.04302774, 0.110154, 0.4546969, 0.8827601,-0.09871726, 0.2475263, 0.4712945, 0.8407539,-0.325581, 0.1087353, 0.5211185, 0.7814149,-0.4924625, -0.01084944, 0.5322312, 0.688544,-0.1060182, -0.01882347, -0.07513919, 0.9913425,-0.5823212, -0.02315177, -0.09349771, 0.8072324,0.9422025, -0.03526795, 0.08963256, -0.3208997,0.9952844, -0.06143305, 0.07418764, -0.01144742,-0.1037905, -0.09596469, -0.1519966, 0.9782205,-0.5689144, -0.005751051, -0.1779898, 0.8028842,0.9213257, -0.09507026, 0.1505824, -0.3456089,0.9819211, -0.134583, 0.1166227, -0.06416779,-0.09822734, -0.1741735, -0.1785086, 0.9634053,-0.53803, -0.0426214, -0.2283909, 0.8102745,0.9025828, -0.09437338, 0.2123032, -0.3624437,0.9708499, -0.156579, 0.171645, -0.05891831,-0.05654738, -0.2472757, -0.2422625, 0.9364646,-0.4876252, -0.02771186, -0.2954882, 0.8210605,0.8626226, -0.141771, 0.260734, -0.4096353,0.9491523, -0.2192414, 0.2000362, -0.1050173,1695797842750
0.04323048, 0.1100826, 0.4545687, 0.8828251,-0.09855603, 0.2475579, 0.4712081, 0.8408119,-0.3255917, 0.1086894, 0.5210649, 0.7814525,-0.4925419, -0.01092887, 0.5321678, 0.688535,-0.1058307, -0.01876369, -0.07530665, 0.9913509,-0.5823243, -0.02288598, -0.09357958, 0.8072283,0.9422671, -0.03555007, 0.08953825, -0.320705,0.9952849, -0.06166937, 0.07401213, -0.01127433,-0.1036206, -0.09589069, -0.1521769, 0.9782177,-0.5689085, -0.005572964, -0.1781139, 0.802862,0.9213685, -0.09531347, 0.1505688, -0.3454338,0.9819129, -0.1348146, 0.1165361, -0.06396499,-0.09807419, -0.1740956, -0.1787018, 0.9633991,-0.5380661, -0.04241332, -0.2285301, 0.8102221,0.9026491, -0.09466251, 0.2122826, -0.362215,0.9708439, -0.156856, 0.1715258, -0.05862866,-0.05641353, -0.2471933, -0.2424665, 0.9364417,-0.4876897, -0.02751142, -0.2956429, 0.8209733,0.8626871, -0.1420617, 0.2607299, -0.4094012,0.9491453, -0.219531, 0.1999194, -0.1046977,1695797842767
0.04286327, 0.1103648, 0.4543291, 0.8829312,-0.09891673, 0.2479029, 0.4709293, 0.8408241,-0.3259493, 0.1090928, 0.5208925, 0.7813622,-0.4929285, -0.01054227, 0.5320894, 0.688325,-0.1063199, -0.01869801, -0.07549429, 0.9912856,-0.582823, -0.02284515, -0.09373852, 0.806851,0.9424006, -0.03566013, 0.08965024, -0.3202692,0.9952773, -0.06181883, 0.07407592, -0.0106843,-0.1041256, -0.09586368, -0.1523247, 0.9781438,-0.5694122, -0.005566692, -0.1782794, 0.8024682,0.9215125, -0.09538885, 0.1507167, -0.3449639,0.9819279, -0.1349537, 0.1166278, -0.06327007,-0.09859039, -0.1740838, -0.1788091, 0.9633287,-0.5385723, -0.04232219, -0.2286384, 0.80986,0.9027944, -0.09476011, 0.2123375, -0.3617949,0.9708576, -0.1569911, 0.1715239, -0.05804126,-0.05693699, -0.247223, -0.2425364, 0.936384,-0.4882498, -0.0274651, -0.2957769, 0.8205936,0.8628529, -0.1421191, 0.2608457, -0.4089579,0.9491657, -0.2196399, 0.1999916, -0.1041452,1695797842785
0.04255993, 0.1106589, 0.4542482, 0.8829506,-0.09913769, 0.2482053, 0.470797, 0.840783,-0.3261808, 0.1093997, 0.5208525, 0.7812493,-0.4931172, -0.01022529, 0.5321195, 0.6881713,-0.1067374, -0.0186033, -0.07550734, 0.9912415,-0.5833098, -0.0228898, -0.09374928, 0.8064967,0.9425103, -0.03560701, 0.08969399, -0.3199397,0.9952801, -0.06178978, 0.07412755, -0.01023245,-0.1045499, -0.09580225, -0.1523058, 0.9781075,-0.5698788, -0.005556172, -0.1782603, 0.8021412,0.9216402, -0.09535396, 0.1507158, -0.3446327,0.9819628, -0.134936, 0.1166185, -0.06278113,-0.09901447, -0.1740353, -0.1787583, 0.9633033,-0.5390483, -0.04226603, -0.2285882, 0.8095604,0.9029363, -0.09473073, 0.2122853, -0.361479,0.9708963, -0.1569583, 0.1714732, -0.05763172,-0.05736034, -0.2472055, -0.2424596, 0.9363827,-0.4887682, -0.02733935, -0.295702, 0.8203161,0.863043, -0.1421272, 0.2607432, -0.4086193,0.9492378, -0.2196203, 0.1998851, -0.1037328,1695797842801
0.04227564, 0.1109455, 0.4540786, 0.8830156,-0.0993984, 0.248513, 0.4705985, 0.8407724,-0.3264519, 0.1097345, 0.5207494, 0.7811578,-0.4933145, -0.009840001, 0.5320947, 0.6880546,-0.1071485, -0.01849637, -0.07562102, 0.9911905,-0.5835559, -0.02277846, -0.0937826, 0.8063179,0.9425723, -0.03570719, 0.08966064, -0.3197553,0.9952816, -0.06187544, 0.07406391, -0.01002626,-0.1049757, -0.09572816, -0.1523869, 0.9780565,-0.5701118, -0.005459775, -0.1782885, 0.8019701,0.9216816, -0.09542529, 0.1507004, -0.3445088,0.9819676, -0.1350018, 0.1165809, -0.0626339,-0.09944819, -0.1739744, -0.1788065, 0.9632607,-0.5393078, -0.04221304, -0.2286088, 0.8093844,0.902984, -0.09474704, 0.2122898, -0.3613531,0.9708996, -0.1569688, 0.1714781, -0.0575333,-0.05780105, -0.2471792, -0.2424799, 0.9363573,-0.4891093, -0.02724967, -0.2957168, 0.8201104,0.8631368, -0.1421621, 0.2607314, -0.4084163,0.9492557, -0.219641, 0.1998719, -0.1035505,1695797842819
0.04196765, 0.1111245, 0.4540789, 0.8830076,-0.09972761, 0.2487152, 0.4705554, 0.8406978,-0.3266551, 0.1100027, 0.5207504, 0.7810345,-0.4934812, -0.009575999, 0.5321559, 0.6878915,-0.1074988, -0.01850909, -0.07556724, 0.9911564,-0.5836536, -0.02293981, -0.09376172, 0.806245,0.9425784, -0.03555471, 0.08974051, -0.319732,0.995281, -0.06176195, 0.07418191, -0.009915014,-0.1053193, -0.09576812, -0.1523065, 0.9780281,-0.5702266, -0.005609727, -0.1782539, 0.8018951,0.9216986, -0.09526596, 0.1507658, -0.3444789,0.981979, -0.1348754, 0.1166814, -0.06254055,-0.09978352, -0.1740237, -0.1786993, 0.963237,-0.5393983, -0.04235868, -0.2285364, 0.809337,0.9029898, -0.09456145, 0.2123236, -0.3613671,0.9709098, -0.1568041, 0.1715682, -0.05754069,-0.05812475, -0.2472496, -0.2423489, 0.9363526,-0.4892586, -0.02741662, -0.2956574, 0.8200372,0.8631723, -0.1419599, 0.2607917, -0.4083732,0.9492769, -0.2194732, 0.1999912, -0.1034818,1695797842836
0.04187761, 0.1113017, 0.453843, 0.8831108,-0.09976891, 0.2489378, 0.4703165, 0.8407606,-0.3266862, 0.1102996, 0.5205782, 0.7810944,-0.4935257, -0.009248691, 0.5320547, 0.6879423,-0.1077007, -0.01838489, -0.0757871, 0.99112,-0.5837565, -0.02287324, -0.09393925, 0.8061517,0.9425591, -0.03569792, 0.08985224, -0.3197414,0.9952663, -0.06193801, 0.07423914, -0.009861049,-0.1055458, -0.09566054, -0.1525088, 0.9779828,-0.5703219, -0.005452217, -0.1783855, 0.8017991,0.9216617, -0.09544293, 0.1508037, -0.3445122,0.9819528, -0.1350549, 0.1166673, -0.06259012,-0.1000288, -0.1739242, -0.1788838, 0.9631953,-0.5394425, -0.04222295, -0.2286516, 0.809282,0.9029258, -0.0946978, 0.2123598, -0.3614702,0.9708776, -0.156933, 0.1715704, -0.0577261,-0.05838958, -0.2471751, -0.2425177, 0.936312,-0.489346, -0.02722039, -0.2957497, 0.8199583,0.8631325, -0.1421306, 0.2607828, -0.4084036,0.9492447, -0.2196228, 0.1999366, -0.1035651,1695797842853
0.04206515, 0.1113785, 0.4535874, 0.8832236,-0.09958957, 0.2490668, 0.4701172, 0.8408552,-0.3265568, 0.1104669, 0.5204244, 0.7812274,-0.4934617, -0.009076045, 0.5319418, 0.6880779,-0.1076208, -0.01819602, -0.07606459, 0.9911109,-0.5837173, -0.02273778, -0.09416316, 0.8061578,0.9424862, -0.03592544, 0.0899615, -0.3199002,0.9952467, -0.06218967, 0.07427081, -0.01001564,-0.1055015, -0.09546681, -0.1527902, 0.9779625,-0.570245, -0.00521161, -0.1785609, 0.8018164,0.9215605, -0.09571991, 0.1508272, -0.3446955,0.981907, -0.1353229, 0.1166143, -0.06282862,-0.100013, -0.1737317, -0.1791694, 0.9631786,-0.5393112, -0.04194751, -0.2288075, 0.8093398,0.9027923, -0.09497906, 0.2123475, -0.3617368,0.970829, -0.1571773, 0.1714869, -0.0581267,-0.05840765, -0.2469928, -0.2428088, 0.9362836,-0.4892587, -0.02688997, -0.2958924, 0.8199698,0.8630136, -0.1424508, 0.2607358, -0.4085733,0.9491823, -0.2198993, 0.1997991, -0.1038149,1695797842870
0.04225782, 0.1113704, 0.4536577, 0.8831792,-0.09943375, 0.2490101, 0.4702308, 0.8408269,-0.3263633, 0.1104051, 0.5205129, 0.781258,-0.4932543, -0.009136261, 0.5320146, 0.6881694,-0.1074441, -0.01810703, -0.07599922, 0.9911367,-0.5835963, -0.02272646, -0.09408792, 0.8062545,0.942454, -0.03589414, 0.08989238, -0.3200178,0.9952532, -0.06214091, 0.07421277, -0.01010329,-0.1053289, -0.09536468, -0.15274, 0.9779989,-0.5701315, -0.005118601, -0.1784564, 0.801921,0.9215214, -0.09573677, 0.1506896, -0.3448558,0.9819141, -0.1352957, 0.1164816, -0.06302202,-0.09984054, -0.1736256, -0.1791348, 0.963222,-0.5391988, -0.04186592, -0.228723, 0.8094428,0.9027476, -0.09499235, 0.2122343, -0.3619114,0.9708373, -0.1571415, 0.171387, -0.05837824,-0.05824089, -0.2468747, -0.2427928, 0.9363292,-0.48916, -0.02670495, -0.2957703, 0.8200788,0.8630044, -0.1425443, 0.2605271, -0.4086933,0.9492085, -0.2199111, 0.1995805, -0.1039709,1695797842888
0.04181406, 0.1115487, 0.4537565, 0.8831271,-0.09991963, 0.2492025, 0.4702589, 0.8406966,-0.3266604, 0.110672, 0.5205738, 0.7810555,-0.4934969, -0.008888659, 0.5321338, 0.6879066,-0.1078933, -0.01820189, -0.07582901, 0.9910992,-0.5838747, -0.02316083, -0.09406986, 0.8060427,0.9424918, -0.03551057, 0.09013635, -0.3198807,0.9952481, -0.0618663, 0.07455282, -0.009777996,-0.1057558, -0.0954939, -0.1525364, 0.977972,-0.5704283, -0.005453184, -0.1783886, 0.8017227,0.9216052, -0.09539928, 0.150835, -0.3446617,0.9819498, -0.1350366, 0.1166934, -0.06262895,-0.1002465, -0.1737654, -0.1788975, 0.9631988,-0.5394186, -0.04213402, -0.2285836, 0.8093218,0.9028064, -0.09466078, 0.2122853, -0.3618217,0.9708694, -0.1568568, 0.1715275, -0.05819674,-0.05861947, -0.2470357, -0.2425246, 0.9363327,-0.4893969, -0.0270265, -0.2956483, 0.8199709,0.8631027, -0.1421848, 0.2606182, -0.4085528,0.9492621, -0.219614, 0.19977, -0.1037449,1695797842905
0.04141544, 0.1115832, 0.4540901, 0.88297,-0.1004318, 0.2492808, 0.4705156, 0.8404687,-0.3268859, 0.1108133, 0.520813, 0.7807816,-0.4937257, -0.008859184, 0.5323977, 0.6875385,-0.1081957, -0.01841639, -0.07543082, 0.9910927,-0.5837926, -0.02381951, -0.09390488, 0.8061022,0.9424466, -0.03487425, 0.09038409, -0.3200139,0.9952478, -0.06134721, 0.0749801, -0.009810581,-0.1060109, -0.09573042, -0.1521183, 0.9779864,-0.5704422, -0.005994337, -0.1781732, 0.8017569,0.9216616, -0.09484167, 0.1509526, -0.3446131,0.9819977, -0.134552, 0.1169503, -0.06244017,-0.1004606, -0.174006, -0.1784593, 0.9632143,-0.5393684, -0.04262275, -0.228302, 0.8094091,0.902833, -0.09410947, 0.2123251, -0.3618756,0.9709166, -0.1563605, 0.1717263, -0.05815891,-0.05878542, -0.2472758, -0.2420676, 0.9363772,-0.4893407, -0.02756511, -0.2953762, 0.8200846,0.8631737, -0.1416205, 0.2606733, -0.4085637,0.9493431, -0.2191187, 0.1999847, -0.103637,1695797842923
0.0415615, 0.1115759, 0.4541006, 0.8829587,-0.1003463, 0.2493205, 0.4705606, 0.8404419,-0.3267467, 0.1108723, 0.5208602, 0.7808,-0.4936492, -0.008854845, 0.5324562, 0.6875482,-0.1080676, -0.01834592, -0.07542891, 0.9911081,-0.58348, -0.0239464, -0.09393799, 0.8063208,0.9423465, -0.03479789, 0.0904814, -0.3202895,0.9952388, -0.06130531, 0.07509618, -0.01010024,-0.1058894, -0.09565048, -0.1521268, 0.9780061,-0.5701702, -0.005993578, -0.1781541, 0.8019546,0.921602, -0.09485564, 0.1509212, -0.3447824,0.9819933, -0.1345627, 0.1169089, -0.06256558,-0.1003428, -0.1739235, -0.1784786, 0.9632379,-0.5390937, -0.04259269, -0.2282673, 0.8096035,0.9027576, -0.09413861, 0.2122688, -0.3620892,0.970911, -0.156366, 0.1716677, -0.05841019,-0.05867524, -0.2471864, -0.2420992, 0.9363995,-0.4890763, -0.02751955, -0.2953382, 0.8202575,0.8631303, -0.1416881, 0.2605887, -0.4086859,0.9493449, -0.2191603, 0.1998768, -0.1037415,1695797842940
0.04137921, 0.1115882, 0.4541675, 0.8829313,-0.1005668, 0.249445, 0.4705856, 0.8403646,-0.3268021, 0.1110755, 0.5208991, 0.7807219,-0.4937898, -0.008746214, 0.5325384, 0.6873849,-0.108217, -0.01843882, -0.07534218, 0.9910967,-0.583324, -0.02423831, -0.09394959, 0.8064236,0.9422827, -0.03456762, 0.09065925, -0.3204516,0.9952291, -0.06114371, 0.0753357, -0.01025248,-0.1060241, -0.09575436, -0.1520289, 0.9779965,-0.5700623, -0.006267132, -0.1781541, 0.8020292,0.9215854, -0.09464262, 0.151066, -0.344822,0.9819956, -0.1344136, 0.1170945, -0.06250096,-0.1004661, -0.1740299, -0.1783693, 0.9632261,-0.5389425, -0.04280949, -0.2282107, 0.8097087,0.9027237, -0.09394616, 0.2123368, -0.3621838,0.970912, -0.1562146, 0.1717841, -0.05845534,-0.05878295, -0.2472972, -0.2419778, 0.9363949,-0.4889117, -0.02778825, -0.2952935, 0.8203627,0.8631032, -0.1414726, 0.2606836, -0.4087573,0.9493511, -0.2190042, 0.2000191, -0.1037398,1695797842958
0.04139321, 0.1114143, 0.4542297, 0.8829206,-0.1006398, 0.249332, 0.4706483, 0.8403543,-0.3267844, 0.1110065, 0.5209163, 0.7807277,-0.4938444, -0.008871984, 0.5325388, 0.6873438,-0.108107, -0.01858413, -0.07530954, 0.9911085,-0.5830644, -0.02439148, -0.09398987, 0.806602,0.9421597, -0.03446188, 0.09078226, -0.3207898,0.9952176, -0.061081, 0.0754861, -0.01062084,-0.1059, -0.09589003, -0.1520043, 0.9780005,-0.5697937, -0.006411031, -0.1781877, 0.8022114,0.9214753, -0.09454674, 0.1511716, -0.3450961,0.9819722, -0.134357, 0.1172184, -0.06275799,-0.1003356, -0.1741605, -0.1783523, 0.9632192,-0.5386456, -0.04298572, -0.2282441, 0.8098875,0.9025864, -0.09382346, 0.2124625, -0.3624839,0.9708768, -0.1561386, 0.1719415, -0.05877952,-0.05864194, -0.2474154, -0.2419632, 0.9363763,-0.4885892, -0.02792794, -0.295298, 0.8205484,0.8629485, -0.1413652, 0.2607619, -0.409071,0.9493114, -0.2189355, 0.2001202, -0.1040525,1695797842975
0.04125362, 0.1111907, 0.4542043, 0.8829684,-0.1008915, 0.2491852, 0.4706033, 0.8403929,-0.3269231, 0.1109536, 0.5208166, 0.7807436,-0.4940897, -0.008983705, 0.5324284, 0.6872515,-0.108114, -0.01884478, -0.07537518, 0.9910978,-0.5827776, -0.02462078, -0.09416641, 0.8067817,0.9420443, -0.03438109, 0.09105732, -0.3210591,0.9951918, -0.0610873, 0.07577491, -0.01094981,-0.1058893, -0.09614933, -0.1520668, 0.9779665,-0.5695695, -0.006687837, -0.1783826, 0.8023251,0.921384, -0.09444017, 0.1514798, -0.345234,0.9819248, -0.1343444, 0.1175442, -0.06291659,-0.1003205, -0.1744168, -0.1784107, 0.9631636,-0.538393, -0.04324676, -0.228405, 0.8099962,0.9024546, -0.093708, 0.2127391, -0.3626799,0.9708154, -0.1561216, 0.1722357, -0.05897797,-0.05861196, -0.2476678, -0.2420076, 0.9363,-0.4883263, -0.0282551, -0.2954717, 0.8206312,0.8627793, -0.1411923, 0.2610874, -0.4092799,0.9492255, -0.2188893, 0.2004728, -0.104255,1695797842992
0.04120227, 0.111404, 0.4540702, 0.8830129,-0.101, 0.2494417, 0.4704924, 0.8403659,-0.3269366, 0.1112863, 0.5207682, 0.7807229,-0.4941683, -0.008702883, 0.5324551, 0.687178,-0.1082864, -0.01867923, -0.07547724, 0.9910743,-0.5828241, -0.02447503, -0.0941771, 0.8067513,0.9420081, -0.03449016, 0.09098782, -0.3211733,0.9951934, -0.06117214, 0.07567248, -0.01103118,-0.1060819, -0.09599841, -0.1521553, 0.9779467,-0.5696205, -0.006588602, -0.1784075, 0.8022841,0.9213619, -0.0945182, 0.1514562, -0.3452818,0.9819187, -0.1344142, 0.1174968, -0.06295266,-0.1005247, -0.1742732, -0.1784859, 0.9631544,-0.5384233, -0.04312208, -0.2284019, 0.8099836,0.9024193, -0.09377786, 0.2126797, -0.3627845,0.9708152, -0.15617, 0.1721565, -0.05908382,-0.05883159, -0.2475439, -0.2420747, 0.9363016,-0.4883556, -0.02819277, -0.2954975, 0.8206066,0.8627204, -0.1412141, 0.2610981, -0.4093896,0.9492056, -0.2189131, 0.2004762, -0.1043796,1695797843009
0.04152479, 0.1115045, 0.4538299, 0.8831086,-0.1007041, 0.2495137, 0.470347, 0.8404614,-0.3267113, 0.1113732, 0.5206528, 0.7808818,-0.4939609, -0.008574006, 0.5323625, 0.6874004,-0.1081029, -0.01839999, -0.07574067, 0.9910795,-0.5827521, -0.02399478, -0.09423906, 0.8068106,0.9419392, -0.03490525, 0.09076548, -0.3213935,0.995196, -0.06149254, 0.07533536, -0.0113218,-0.1059413, -0.09570689, -0.1524316, 0.9779475,-0.5694733, -0.00613853, -0.1784783, 0.8023764,0.9212425, -0.09490904, 0.1512761, -0.3455721,0.9818791, -0.1347181, 0.1172314, -0.063414,-0.1004159, -0.1739813, -0.1787755, 0.9631648,-0.5382932, -0.04273744, -0.228516, 0.8100583,0.9022933, -0.09412384, 0.2125718, -0.3630713,0.9707769, -0.1564368, 0.1719698, -0.05955019,-0.05876438, -0.247257, -0.2423817, 0.9363022,-0.4882374, -0.02773079, -0.2955888, 0.8206598,0.8625733, -0.1415985, 0.2609437, -0.4096653,0.9491438, -0.2192009, 0.2002316, -0.1048059,1695797843028
0.042062, 0.1115266, 0.4538667, 0.8830615,-0.100071, 0.2494607, 0.4704672, 0.8404855,-0.3261938, 0.1112327, 0.520766, 0.7810426,-0.4934183, -0.008678613, 0.5324422, 0.687727,-0.1076569, -0.01809914, -0.07572547, 0.9911348,-0.5825183, -0.02335826, -0.09395061, 0.8070316,0.9418941, -0.03526283, 0.09016018, -0.321657,0.9952327, -0.0616262, 0.07466282, -0.01181435,-0.1055224, -0.09537347, -0.1524532, 0.978022,-0.5691077, -0.005592047, -0.1782274, 0.8026956,0.9211061, -0.09521576, 0.1507654, -0.3460741,0.9818735, -0.1348259, 0.1166972, -0.06425063,-0.1000114, -0.1736394, -0.1788354, 0.9632575,-0.5380116, -0.04240007, -0.2283985, 0.8102962,0.9021897, -0.09433179, 0.2122855, -0.3634422,0.970777, -0.1564905, 0.1716809, -0.06023544,-0.05838987, -0.2468926, -0.242487, 0.9363945,-0.4879707, -0.02725119, -0.2954288, 0.8208921,0.8624673, -0.1418989, 0.2605484, -0.4100358,0.9491379, -0.2193041, 0.1998161, -0.1054343,1695797843045
0.04247567, 0.1112959, 0.4539638, 0.8830209,-0.09942703, 0.2492208, 0.4705655, 0.840578,-0.3257523, 0.1108735, 0.5208166, 0.7812442,-0.4930045, -0.009017755, 0.5324111, 0.6880434,-0.1071766, -0.01808316, -0.07568796, 0.99119,-0.5822771, -0.02300601, -0.09379679, 0.8072337,0.941903, -0.03548611, 0.08982121, -0.3217011,0.9952523, -0.06171636, 0.07428462, -0.0120712,-0.1050435, -0.09532015, -0.1524536, 0.9780787,-0.5687689, -0.005320908, -0.1781113, 0.8029633,0.9210355, -0.09540139, 0.1505009, -0.3463261,0.9818586, -0.1348902, 0.1164327, -0.06482133,-0.09953547, -0.1735729, -0.1788742, 0.9633116,-0.5377339, -0.0422949, -0.2283943, 0.8104872,0.9021486, -0.09446269, 0.2122018, -0.3635589,0.9707599, -0.1565456, 0.1715992, -0.06060098,-0.05792234, -0.2467929, -0.2425617, 0.9364305,-0.4876768, -0.02706353, -0.2953937, 0.8210856,0.8624127, -0.1420871, 0.2603865, -0.4101883,0.9491163, -0.2193914, 0.1996429, -0.1057752,1695797843064
0.04232311, 0.1113519, 0.4540124, 0.8829962,-0.09947928, 0.2492803, 0.4705614, 0.8405564,-0.3257948, 0.110933, 0.5208288, 0.78121,-0.4930304, -0.008956363, 0.5324364, 0.688006,-0.1073262, -0.01812162, -0.0756144, 0.9911787,-0.5823612, -0.02282896, -0.09363676, 0.8071967,0.9419817, -0.03554676, 0.08958477, -0.3215298,0.9952718, -0.06168843, 0.07405093, -0.0120434,-0.1051839, -0.09537001, -0.1523691, 0.9780719,-0.5687902, -0.00531257, -0.1780139, 0.8029698,0.9210626, -0.09535626, 0.1504139, -0.346304,0.9818714, -0.1348097, 0.1163766, -0.06489502,-0.09966733, -0.1736261, -0.1787786, 0.9633061,-0.5377937, -0.04240115, -0.2283355, 0.8104585,0.902191, -0.09434728, 0.2122111, -0.3634782,0.9707674, -0.1564183, 0.1716633, -0.06062805,-0.05804347, -0.2468523, -0.2424561, 0.9364347,-0.4877541, -0.02717091, -0.2953351, 0.8210571,0.8624609, -0.1419652, 0.2603978, -0.4101222,0.9491275, -0.2192559, 0.1997197, -0.1058106,1695797843079
0.04230153, 0.1112372, 0.4537832, 0.8831295,-0.09943562, 0.2492067, 0.4703203, 0.8407184,-0.3258314, 0.1109054, 0.5205815, 0.7813634,-0.4930777, -0.008910034, 0.5321895, 0.6881637,-0.1073203, -0.0182082, -0.07588991, 0.9911566,-0.5822446, -0.02248743, -0.09379163, 0.8072723,0.9419761, -0.03592763, 0.08950843, -0.3215254,0.9952625, -0.0620112, 0.07387263, -0.01224792,-0.1051897, -0.09545548, -0.152641, 0.9780205,-0.5686101, -0.005157001, -0.1782365, 0.803049,0.9209871, -0.09562264, 0.1505031, -0.3463925,0.9818099, -0.1350638, 0.1164158, -0.06522629,-0.09969082, -0.1737113, -0.1790461, 0.9632386,-0.5376518, -0.04238751, -0.2286066, 0.810477,0.9021026, -0.0945226, 0.2124221, -0.3635289,0.9706889, -0.1566215, 0.1718353, -0.06087158,-0.05807905, -0.2469453, -0.2427118, 0.9363417,-0.487589, -0.02717076, -0.2955984, 0.8210605,0.8623125, -0.1421037, 0.2606208, -0.4102444,0.9490092, -0.2194257, 0.1999225, -0.106136,1695797843098
0.04213759, 0.1113307, 0.4534641, 0.8832894,-0.0996061, 0.2493369, 0.4700003, 0.8408386,-0.3260217, 0.1111227, 0.5203084, 0.781435,-0.4932665, -0.00862717, 0.5319725, 0.6881998,-0.1075541, -0.01818617, -0.07621457, 0.9911068,-0.5822941, -0.02216495, -0.09397917, 0.8072237,0.9419692, -0.03629386, 0.08947696, -0.321513,0.9952506, -0.06234025, 0.07373644, -0.01236202,-0.1054463, -0.09545181, -0.1529436, 0.9779459,-0.5686119, -0.005025996, -0.17849, 0.8029923,0.9209307, -0.09586184, 0.1506468, -0.3464141,0.9817533, -0.1353189, 0.1165022, -0.0653939,-0.09997022, -0.1737155, -0.1793258, 0.9631568,-0.5376475, -0.04231617, -0.2288533, 0.8104138,0.9020152, -0.09469295, 0.2125976, -0.3635988,0.9706219, -0.1568212, 0.171964, -0.06106308,-0.05837685, -0.2469781, -0.2429659, 0.9362487,-0.4875763, -0.02717694, -0.2958687, 0.8209704,0.8621501, -0.1421844, 0.260884, -0.4103904,0.9488903, -0.2195634, 0.2001719, -0.1064436,1695797843114
0.04157604, 0.1115149, 0.4534833, 0.883283,-0.1001968, 0.2494865, 0.4699361, 0.8407598,-0.326454, 0.1113602, 0.5202715, 0.7812454,-0.4936098, -0.008360065, 0.5319902, 0.6879432,-0.1081174, -0.018331, -0.07612463, 0.9910498,-0.5825585, -0.0223785, -0.09394625, 0.8070309,0.9419603, -0.03606915, 0.08958633, -0.3215338,0.9952487, -0.0621608, 0.07391028, -0.01238383,-0.1059881, -0.09563951, -0.15281, 0.9778899,-0.5688464, -0.00535185, -0.1784866, 0.8028248,0.9209359, -0.09554861, 0.1508529, -0.346397,0.9817513, -0.1350748, 0.1167943, -0.06540766,-0.1004939, -0.1739166, -0.1791479, 0.9630992,-0.5378245, -0.04264632, -0.2287913, 0.8102967,0.9019747, -0.09431552, 0.2127645, -0.3636996,0.9706116, -0.1565055, 0.1722504, -0.06122795,-0.0588726, -0.2472097, -0.2427443, 0.936214,-0.4877457, -0.02760415, -0.2958321, 0.8208688,0.8620613, -0.1416992, 0.2611512, -0.4105749,0.9488539, -0.2191681, 0.2006089, -0.1067599,1695797843130
0.04218297, 0.1111341, 0.453234, 0.8834301,-0.09955283, 0.2490765, 0.4697906, 0.8410392,-0.3260211, 0.1109324, 0.5200349, 0.7816443,-0.4931843, -0.008651662, 0.5316648, 0.6884962,-0.1074503, -0.01830614, -0.07651135, 0.991093,-0.582033, -0.02190181, -0.09419461, 0.8073941,0.9417891, -0.03661485, 0.08950791, -0.3219953,0.9952267, -0.06263888, 0.0736796, -0.01309325,-0.1053533, -0.09556279, -0.1532439, 0.9778981,-0.5682796, -0.00498165, -0.1787857, 0.803162,0.9206726, -0.09603029, 0.1508884, -0.3469479,0.9816344, -0.1355038, 0.1167384, -0.06636781,-0.09989634, -0.1738231, -0.1796288, 0.9630886,-0.5372911, -0.04234337, -0.229157, 0.810563,0.9016923, -0.09477603, 0.2128929, -0.3642049,0.9704865, -0.1569382, 0.172268, -0.06204896,-0.05831603, -0.2470869, -0.2432618, 0.9361469,-0.487193, -0.0272162, -0.2961607, 0.8210914,0.8616927, -0.1421833, 0.2612199, -0.4111372,0.9486683, -0.2196095, 0.2005581, -0.1075942,1695797843147
0.04266447, 0.110787, 0.4530052, 0.8835679,-0.09910735, 0.2486377, 0.4696667, 0.8412908,-0.3258266, 0.1104347, 0.5198188, 0.7819396,-0.4929666, -0.009015398, 0.5313438, 0.6888951,-0.1069026, -0.01832147, -0.0768613, 0.9911249,-0.5817216, -0.02146417, -0.09442718, 0.8076031,0.9417036, -0.03711961, 0.08943902, -0.3222066,0.9952087, -0.06308337, 0.073469, -0.01350783,-0.1048313, -0.09553524, -0.1536318, 0.977896,-0.567896, -0.004702087, -0.1790884, 0.8033675,0.9204786, -0.0964352, 0.1509801, -0.3473101,0.9815342, -0.1358846, 0.1167482, -0.06705127,-0.09940613, -0.1737814, -0.1800544, 0.9630674,-0.536939, -0.04208548, -0.2295059, 0.810711,0.9014805, -0.09518303, 0.213036, -0.3645391,0.9703786, -0.1573363, 0.1723062, -0.06261994,-0.05785907, -0.2470213, -0.243715, 0.9360747,-0.486854, -0.02693354, -0.2965053, 0.8211775,0.8614094, -0.1425784, 0.261366, -0.4115011,0.9484996, -0.2199943, 0.2006073, -0.1082026,1695797843166
0.04278915, 0.1109164, 0.4528644, 0.8836178,-0.09896059, 0.248649, 0.469576, 0.8413553,-0.3258351, 0.1103827, 0.5197535, 0.7819869,-0.4929236, -0.009003688, 0.5312691, 0.6889836,-0.1068851, -0.0181325, -0.07699749, 0.9911197,-0.5819393, -0.02112879, -0.09442697, 0.8074551,0.9417471, -0.03737962, 0.08925045, -0.3221016,0.9952165, -0.06326678, 0.07321334, -0.01346368,-0.1048394, -0.09534626, -0.1537689, 0.9778921,-0.5680268, -0.004497023, -0.1791396, 0.8032648,0.920442, -0.09659577, 0.150932, -0.3473835,0.9815059, -0.1359994, 0.116685, -0.06734275,-0.09943139, -0.1735949, -0.1801928, 0.9630725,-0.5370234, -0.04183681, -0.2295446, 0.810657,0.9014294, -0.09535734, 0.2129507, -0.3646697,0.9703577, -0.1574382, 0.1722041, -0.0629674,-0.05790752, -0.2468438, -0.2438588, 0.9360811,-0.4869986, -0.02673993, -0.2965887, 0.8210679,0.8613304, -0.142698, 0.2613756, -0.4116187,0.948441, -0.2200693, 0.2006225, -0.1085342,1695797843184
0.04206675, 0.1113143, 0.4529997, 0.8835331,-0.09995381, 0.2488816, 0.4696731, 0.8411149,-0.326668, 0.1106172, 0.5199026, 0.781507,-0.4935931, -0.008781903, 0.5314676, 0.6883538,-0.1076754, -0.01819352, -0.07672724, 0.9910539,-0.5825946, -0.02150917, -0.09426434, 0.8069914,0.9418355, -0.0369258, 0.08935823, -0.3218656,0.9952289, -0.06287923, 0.07344802, -0.01307239,-0.1056016, -0.09546851, -0.1534403, 0.9778497,-0.5686297, -0.004960534, -0.1789932, 0.802868,0.9205496, -0.09605587, 0.1511173, -0.3471676,0.9815467, -0.135536, 0.1170178, -0.06710344,-0.1001625, -0.1737373, -0.1798055, 0.9630435,-0.5374997, -0.04218205, -0.2292805, 0.8103982,0.901473, -0.09480485, 0.212981, -0.3646881,0.9704013, -0.1569132, 0.1724156, -0.06302762,-0.05860019, -0.2470272, -0.2434209, 0.9361035,-0.4875303, -0.02719821, -0.2963742, 0.8208147,0.8613738, -0.142034, 0.2615412, -0.4116524,0.9484812, -0.2194736, 0.2010193, -0.1086552,1695797843200
0.04181051, 0.1114821, 0.4530949, 0.8834753,-0.1004887, 0.2488407, 0.4698119, 0.8409858,-0.3271094, 0.1105648, 0.5200196, 0.7812518,-0.4939013, -0.008809147, 0.5315706, 0.6880528,-0.1079622, -0.01819712, -0.07657368, 0.9910346,-0.5828936, -0.02165612, -0.09415159, 0.8067847,0.9418012, -0.03669662, 0.08936927, -0.3219891,0.9952365, -0.06267421, 0.07352178, -0.01307357,-0.105876, -0.09549446, -0.1532664, 0.9778448,-0.5688524, -0.00513535, -0.1788817, 0.8027341,0.9205096, -0.09578349, 0.151164, -0.3473283,0.9815433, -0.1352686, 0.1171642, -0.06743714,-0.1004221, -0.1737706, -0.1796113, 0.9630467,-0.5375882, -0.04234053, -0.2291238, 0.8103755,0.9013618, -0.09448538, 0.2129858, -0.3650433,0.9703956, -0.1565798, 0.1725491, -0.06357719,-0.05884346, -0.2470738, -0.2432109, 0.9361306,-0.4876402, -0.02736404, -0.2962202, 0.8207995,0.861244, -0.1416753, 0.2615785, -0.4120238,0.9484604, -0.2191117, 0.2012096, -0.1092138,1695797843218
0.04192559, 0.1115626, 0.4531402, 0.8834365,-0.1004527, 0.2488392, 0.4699073, 0.8409373,-0.3270487, 0.1105458, 0.5201091, 0.7812204,-0.4937751, -0.008801376, 0.5316544, 0.6880788,-0.1078997, -0.01807225, -0.07651366, 0.9910483,-0.5828415, -0.02148801, -0.09400351, 0.8068441,0.9417365, -0.0367327, 0.08915775, -0.3222327,0.9952502, -0.06263953, 0.07331224, -0.01336841,-0.1058204, -0.09536563, -0.1532128, 0.9778718,-0.5687811, -0.005020218, -0.1787564, 0.8028132,0.9204174, -0.09577517, 0.1510171, -0.347639,0.9815259, -0.1351864, 0.1170627, -0.06802849,-0.1003671, -0.1736415, -0.1795647, 0.9630844,-0.5374842, -0.04226859, -0.2290164, 0.8104786,0.9012573, -0.09443934, 0.2128764, -0.3653766,0.9703868, -0.1564633, 0.1724946, -0.06414267,-0.05879485, -0.2469415, -0.2431761, 0.9361776,-0.4875649, -0.02723363, -0.2960974, 0.8208929,0.8611442, -0.1416592, 0.2614345, -0.4123292,0.9484482, -0.219018, 0.2011131, -0.109684,1695797843235
0.04191129, 0.1116759, 0.4533963, 0.8832914,-0.100454, 0.2489037, 0.4701491, 0.8407829,-0.3270397, 0.1105202, 0.5203638, 0.7810582,-0.4937128, -0.008870212, 0.5318971, 0.6879349,-0.1079309, -0.01800852, -0.07620679, 0.9910697,-0.5828862, -0.02157982, -0.09370375, 0.8068442,0.9417372, -0.03647476, 0.08897007, -0.3223118,0.9952753, -0.06233495, 0.073215, -0.01345792,-0.1058357, -0.09530484, -0.1529078, 0.9779238,-0.5688037, -0.005084614, -0.1784458, 0.8028659,0.9204273, -0.0955316, 0.1508061, -0.3477711,0.9815589, -0.1348673, 0.1169597, -0.06836291,-0.1003613, -0.1735813, -0.1792624, 0.9631522,-0.537495, -0.04236186, -0.2287189, 0.8105506,0.9012765, -0.09417672, 0.2126914, -0.3655047,0.9704324, -0.1561215, 0.1724324, -0.06445172,-0.0587727, -0.2468734, -0.2428838, 0.9362728,-0.4876152, -0.02731836, -0.2958099, 0.8209638,0.8612133, -0.1414215, 0.2612465, -0.4123855,0.9485191, -0.2187085, 0.2010383, -0.1098258,1695797843252
0.04192718, 0.1116532, 0.4538143, 0.8830789,-0.1004443, 0.2488082, 0.4705438, 0.8405915,-0.3269542, 0.1103359, 0.5207139, 0.7808867,-0.4935332, -0.009083369, 0.5321977, 0.6878285,-0.1078428, -0.01805897, -0.07575023, 0.9911134,-0.5829288, -0.02185265, -0.09334702, 0.8068475,0.9417069, -0.03602759, 0.08884379, -0.3224856,0.9953008, -0.06187234, 0.07323263, -0.01360978,-0.1057124, -0.09534809, -0.1524635, 0.9780023,-0.5688045, -0.00526035, -0.1780525, 0.8029515,0.9204154, -0.09513984, 0.1505947, -0.3480017,0.9816048, -0.1344161, 0.1168874, -0.06871498,-0.1002027, -0.1736198, -0.1788311, 0.9632419,-0.5374746, -0.04257927, -0.2283542, 0.8106555,0.901279, -0.0937681, 0.2125233, -0.3657014,0.9704872, -0.1556562, 0.1724232, -0.06477632,-0.05858198, -0.2468874, -0.2424705, 0.9363882,-0.4876168, -0.02748661, -0.2954336, 0.8210928,0.86127, -0.1410624, 0.2610324, -0.4125258,0.948608, -0.2182804, 0.2009731, -0.1100292,1695797843270
0.04182454, 0.1117016, 0.453904, 0.8830315,-0.1005678, 0.2488611, 0.4706147, 0.8405213,-0.3269636, 0.1104275, 0.5207838, 0.7808231,-0.4935292, -0.009010604, 0.5322864, 0.6877637,-0.1079403, -0.01808119, -0.07563539, 0.9911111,-0.5831063, -0.02201186, -0.09329582, 0.8067208,0.9417058, -0.0358479, 0.08890197, -0.3224927,0.9953029, -0.06172476, 0.07333953, -0.01354784,-0.1057996, -0.09537775, -0.1523424, 0.9780089,-0.568926, -0.005331486, -0.1779599, 0.8028854,0.920431, -0.09500826, 0.1505709, -0.3480066,0.981618, -0.1342779, 0.1169086, -0.06876003,-0.1002794, -0.1736515, -0.1787038, 0.9632519,-0.5375385, -0.042669, -0.2282578, 0.8106356,0.9012743, -0.09361279, 0.2125063, -0.3657628,0.9704967, -0.1554893, 0.1724684, -0.06491529,-0.05864742, -0.2469206, -0.2423388, 0.9364094,-0.4876832, -0.02760991, -0.2953522, 0.8210785,0.8612842, -0.1408938, 0.2610443, -0.4125462,0.9486215, -0.2181129, 0.2010522, -0.1101001,1695797843287
0.04212463, 0.1115512, 0.4538376, 0.8830703,-0.1002124, 0.2486985, 0.470588, 0.8406268,-0.3267378, 0.1102204, 0.5207259, 0.7809855,-0.4933269, -0.009185177, 0.5321839, 0.6879858,-0.1076212, -0.0180423, -0.07575613, 0.9911373,-0.5830634, -0.02181606, -0.09337122, 0.8067484,0.9416766, -0.03604856, 0.08885171, -0.3225695,0.9952988, -0.06189864, 0.07323034, -0.0136459,-0.1054939, -0.09531426, -0.1524867, 0.9780256,-0.5687543, -0.005117473, -0.1780255, 0.802994,0.9203364, -0.09521686, 0.1505092, -0.3482264,0.9815752, -0.1344339, 0.1168195, -0.06921621,-0.0999876, -0.1735801, -0.1788718, 0.9632639,-0.5373122, -0.0425223, -0.2283664, 0.8107628,0.9011644, -0.09379815, 0.2125118, -0.3659828,0.9704458, -0.1556262, 0.1724524, -0.06538884,-0.05837294, -0.2468335, -0.2425274, 0.9364007,-0.487433, -0.0274821, -0.29547, 0.8211889,0.8611517, -0.1410746, 0.2610666, -0.4127468,0.9485421, -0.2182557, 0.2010528, -0.1104998,1695797843305
0.04237173, 0.1114155, 0.453855, 0.8830667,-0.09976064, 0.2485405, 0.4705955, 0.8407231,-0.3264383, 0.109994, 0.5207052, 0.7811565,-0.4930679, -0.009396919, 0.532113, 0.6882235,-0.1073415, -0.01802716, -0.07577823, 0.9911662,-0.5828819, -0.02151762, -0.09328482, 0.8068975,0.9416966, -0.03626506, 0.08859972, -0.322556,0.9953117, -0.06201591, 0.07293211, -0.01376485,-0.1052185, -0.09527741, -0.1525303, 0.978052,-0.5684932, -0.004920905, -0.1779815, 0.8031898,0.9202781, -0.09537637, 0.1503495, -0.3484058,0.9815544, -0.1345133, 0.1166525, -0.06963694,-0.09971744, -0.1735358, -0.1789372, 0.9632877,-0.5370334, -0.04246949, -0.2283933, 0.8109426,0.9011148, -0.09390278, 0.212484, -0.3660943,0.9704188, -0.1556782, 0.1724282, -0.06572794,-0.05811104, -0.2467717, -0.2426127, 0.9364111,-0.4871177, -0.02748041, -0.2955169, 0.8213592,0.8610726, -0.1411582, 0.2610743, -0.4128783,0.9484903, -0.2183014, 0.2010719, -0.1108189,1695797843322
0.04244108, 0.1116588, 0.4536204, 0.8831533,-0.09947041, 0.2488003, 0.4703542, 0.8408157,-0.3262749, 0.1102499, 0.520557, 0.7812874,-0.4929112, -0.00909372, 0.5320263, 0.6884068,-0.1074429, -0.01776253, -0.07599204, 0.9911436,-0.583092, -0.02096269, -0.09325139, 0.8067642,0.9418107, -0.03670429, 0.08824994, -0.3222691,0.9953305, -0.06232217, 0.07246519, -0.01349004,-0.1053566, -0.0950226, -0.1527353, 0.97803,-0.5686263, -0.00449689, -0.177997, 0.8030946,0.9203158, -0.09572824, 0.1501308, -0.348304,0.9815596, -0.1347847, 0.1163454, -0.06955328,-0.09987997, -0.173288, -0.1791338, 0.9632789,-0.5371969, -0.04214732, -0.228457, 0.8108332,0.9011878, -0.09420454, 0.2123547, -0.3659121,0.9704249, -0.1559079, 0.1722258, -0.06562455,-0.05830501, -0.2465458, -0.2428073, 0.9364082,-0.4872895, -0.02720668, -0.2956116, 0.8212323,0.8611557, -0.1414451, 0.2609975, -0.4126553,0.9484822, -0.218522, 0.2009341, -0.1107029,1695797843340
0.04247191, 0.1116488, 0.4536047, 0.8831611,-0.09926771, 0.2488596, 0.4702969, 0.8408541,-0.3261263, 0.1102987, 0.5205233, 0.781365,-0.4927644, -0.009023549, 0.5320046, 0.6885296,-0.1074142, -0.01775305, -0.07601307, 0.9911453,-0.5831363, -0.02078663, -0.09320483, 0.8067421,0.9419006, -0.03683935, 0.08810271, -0.3220313,0.9953406, -0.06239737, 0.07228964, -0.01333789,-0.1053303, -0.09501094, -0.1527584, 0.9780303,-0.568647, -0.004419446, -0.1779922, 0.8030815,0.9203434, -0.09579746, 0.1500787, -0.3482346,0.981561, -0.1348276, 0.1162854, -0.06954998,-0.09985597, -0.1732758, -0.1791589, 0.9632789,-0.5373133, -0.04208609, -0.22848, 0.8107527,0.9012831, -0.094294, 0.2123275, -0.3656698,0.9704373, -0.1559781, 0.1721777, -0.06539984,-0.05828369, -0.2465326, -0.2428342, 0.936406,-0.4874314, -0.02714373, -0.2956417, 0.8211393,0.8612934, -0.1415593, 0.2609632, -0.4123503,0.9485107, -0.218614, 0.2008699, -0.1103929,1695797843357
0.04226169, 0.1113377, 0.4535995, 0.8832131,-0.09958275, 0.248548, 0.470259, 0.8409302,-0.3264139, 0.1100336, 0.5203962, 0.7813669,-0.4929563, -0.009184918, 0.5318226, 0.6885306,-0.1074329, -0.01812713, -0.07607043, 0.9911321,-0.5831584, -0.02094978, -0.09338217, 0.8067014,0.9419337, -0.03681911, 0.08833729, -0.3218724,0.9953213, -0.06244321, 0.07252564, -0.01328403,-0.1053209, -0.09538376, -0.1528111, 0.9779868,-0.5686693, -0.004733044, -0.1782308, 0.803011,0.9203128, -0.09566657, 0.1504544, -0.3481892,0.9815201, -0.1348123, 0.1166802, -0.0694958,-0.09983735, -0.1736444, -0.1792055, 0.9632059,-0.5374442, -0.04234176, -0.2287037, 0.8105896,0.901291, -0.09420472, 0.2126586, -0.365481,0.9703904, -0.1560093, 0.1725089, -0.06514821,-0.05824118, -0.2468949, -0.2428612, 0.9363062,-0.4876156, -0.02736943, -0.2958488, 0.8209479,0.8613359, -0.1414837, 0.2612622, -0.4120982,0.9484751, -0.2186508, 0.2011651, -0.1100877,1695797843375
0.04218142, 0.1110508, 0.453593, 0.8832564,-0.09986632, 0.2482506, 0.4702694, 0.8409786,-0.3266464, 0.1097804, 0.5203171, 0.7813581,-0.4931378, -0.009380733, 0.5316895, 0.6885009,-0.1073548, -0.01841147, -0.07613137, 0.9911307,-0.5832491, -0.02124004, -0.09362203, 0.8066005,0.9419715, -0.03672673, 0.0886982, -0.3216729,0.9952953, -0.06246789, 0.07289709, -0.01307786,-0.1052232, -0.09565995, -0.1528754, 0.9779603,-0.5688427, -0.004992693, -0.1784689, 0.8028337,0.9203749, -0.09559179, 0.1507922, -0.3478993,0.9815038, -0.1348501, 0.1170108, -0.06909502,-0.09973495, -0.1739149, -0.1792722, 0.9631552,-0.5376896, -0.04245108, -0.2289062, 0.810364,0.9013807, -0.09423736, 0.2128837, -0.36512,0.9703761, -0.1561465, 0.1726801, -0.06457631,-0.05812367, -0.2471551, -0.2429191, 0.9362298,-0.4878646, -0.02739742, -0.2960092, 0.8207412,0.8614674, -0.1415743, 0.2613977, -0.4117061,0.9484951, -0.2188228, 0.201218, -0.1094752,1695797843392
0.04238474, 0.1111157, 0.4536855, 0.883191,-0.09966439, 0.2483177, 0.4703959, 0.840912,-0.3264867, 0.1097751, 0.5204646, 0.7813274,-0.4929463, -0.009396483, 0.5318324, 0.6885274,-0.107203, -0.0182573, -0.07602718, 0.9911579,-0.5833201, -0.02110648, -0.09345625, 0.8065718,0.9420422, -0.03674807, 0.08848239, -0.3215229,0.9953154, -0.06241879, 0.07268734, -0.01294534,-0.1050783, -0.09549507, -0.1527853, 0.9780061,-0.5689518, -0.00479606, -0.1782898, 0.8027973,0.9204724, -0.09566663, 0.1505263, -0.3477358,0.9815536, -0.134851, 0.1167282, -0.06886404,-0.09958928, -0.1737475, -0.1791972, 0.9632145,-0.5379213, -0.04224506, -0.228774, 0.8102583,0.901553, -0.09435646, 0.2126478, -0.3648013,0.9704465, -0.1562035, 0.1724026, -0.0641194,-0.05798542, -0.2469776, -0.2428648, 0.9362993,-0.4881029, -0.02705893, -0.2958329, 0.8206743,0.8617096, -0.1418095, 0.2610352, -0.4113481,0.9486209, -0.2189513, 0.2007726, -0.108945,1695797843410
0.04210827, 0.1115513, 0.4537246, 0.8831292,-0.09986895, 0.2487163, 0.4703949, 0.8407705,-0.3266127, 0.1101799, 0.5205685, 0.7811485,-0.4930113, -0.009011394, 0.5320244, 0.6883376,-0.1076521, -0.01804021, -0.07588013, 0.9911245,-0.5838376, -0.02111287, -0.0932618, 0.8062196,0.942194, -0.03661205, 0.08833501, -0.3211338,0.9953406, -0.06225377, 0.07258088, -0.01239029,-0.1055332, -0.09531458, -0.1526067, 0.9780026,-0.5694569, -0.004732424, -0.1780615, 0.8024902,0.920661, -0.09556638, 0.1503175, -0.3473545,0.9816357, -0.1347138, 0.1165354, -0.06828708,-0.1000361, -0.1735817, -0.1789876, 0.963237,-0.5384372, -0.04215994, -0.2285285, 0.8099893,0.9017667, -0.09425297, 0.2124126, -0.3644368,0.9705433, -0.1560533, 0.172192, -0.06358397,-0.05842916, -0.246842, -0.2426374, 0.9363664,-0.4886393, -0.02695641, -0.2955894, 0.8204462,0.8619775, -0.1417268, 0.2607935, -0.4109685,0.948754, -0.2188003, 0.2005646, -0.1084715,1695797843426
0.04206018, 0.1117069, 0.4537207, 0.8831139,-0.09979613, 0.2488653, 0.4703644, 0.8407521,-0.3265963, 0.1102925, 0.5205883, 0.7811262,-0.4929657, -0.008887064, 0.5320692, 0.6883373,-0.1077726, -0.017934, -0.07585017, 0.9911156,-0.5840383, -0.02115864, -0.09323714, 0.8060759,0.9422382, -0.03655033, 0.08834548, -0.3210084,0.9953448, -0.06220528, 0.07260409, -0.01216252,-0.1056601, -0.09521854, -0.1525685, 0.9780042,-0.5696461, -0.004676102, -0.1779931, 0.8023714,0.9207213, -0.09556182, 0.1502377, -0.3472303,0.9816613, -0.1346923, 0.1164534, -0.06810135,-0.1001631, -0.1734903, -0.1789414, 0.9632489,-0.5386692, -0.04206659, -0.2284539, 0.8098609,0.9018568, -0.09427108, 0.2123058, -0.3642712,0.9705805, -0.1560462, 0.1720766, -0.06334665,-0.05855954, -0.2467603, -0.2425883, 0.9363926,-0.4888689, -0.02683659, -0.295507, 0.820343,0.8620934, -0.1417695, 0.2606646, -0.4107923,0.9488062, -0.2187983, 0.2004293, -0.1082693,1695797843443
0.04185443, 0.1116825, 0.453793, 0.8830895,-0.09994678, 0.2488417, 0.4703784, 0.8407333,-0.3267289, 0.1102707, 0.5205943, 0.7810699,-0.4930429, -0.008879138, 0.5320707, 0.6882809,-0.1079222, -0.01807085, -0.07576378, 0.9911035,-0.5841769, -0.02147487, -0.09328893, 0.8059611,0.9422972, -0.03632535, 0.08856897, -0.3207992,0.9953371, -0.06206897, 0.0728796, -0.01183566,-0.1057913, -0.09536607, -0.1524706, 0.9779909,-0.5698658, -0.004886243, -0.1780054, 0.8022114,0.9208269, -0.09539994, 0.1503617, -0.3469409,0.9816839, -0.1345808, 0.1166097, -0.06772775,-0.1002813, -0.1736399, -0.1788317, 0.96323,-0.5389342, -0.04220251, -0.2284394, 0.8096817,0.9019916, -0.09416081, 0.212366, -0.3639307,0.9706113, -0.1559866, 0.1721447, -0.06283347,-0.058659, -0.246913, -0.2424645, 0.9363782,-0.4890976, -0.02695978, -0.2954755, 0.820214,0.8622525, -0.1416752, 0.2606927, -0.410473,0.948863, -0.2187372, 0.200466, -0.1078262,1695797843461
0.04159419, 0.1118722, 0.4540982, 0.8829209,-0.1001367, 0.2489615, 0.4706138, 0.8405435,-0.3268642, 0.1103183, 0.5208542, 0.7808333,-0.4930603, -0.008843248, 0.5323354, 0.6880642,-0.1081918, -0.01807802, -0.07537309, 0.9911037,-0.5845025, -0.0218754, -0.0930329, 0.8057439,0.9423825, -0.03583528, 0.08859733, -0.3205957,0.9953571, -0.06162573, 0.0730474, -0.01142901,-0.1060319, -0.09539421, -0.1520638, 0.9780254,-0.5702426, -0.005126764, -0.1776872, 0.8020127,0.9209871, -0.09500477, 0.1502435, -0.3466752,0.9817749, -0.1341925, 0.1165821, -0.06722331,-0.1004894, -0.173674, -0.1784094, 0.9632805,-0.539322, -0.04237923, -0.2280965, 0.8095108,0.902191, -0.09380721, 0.2121891, -0.3636309,0.9707192, -0.1556298, 0.1720562, -0.06229154,-0.05883512, -0.2469501, -0.2420346, 0.9364685,-0.4894633, -0.02710715, -0.2951184, 0.8201195,0.862519, -0.1413638, 0.2604725, -0.41016,0.9490252, -0.2183933, 0.2003348, -0.1073385,1695797843479
0.04194183, 0.1118125, 0.4543701, 0.8827721,-0.09982245, 0.2488812, 0.4709338, 0.8404255,-0.3265846, 0.1101165, 0.5211475, 0.780783,-0.4927175, -0.009059757, 0.5325771, 0.6881199,-0.1078279, -0.01796938, -0.07510403, 0.9911658,-0.5843974, -0.02204981, -0.09283675, 0.805838,0.9423868, -0.03558953, 0.08853385, -0.320628,0.9953732, -0.06138523, 0.07305279, -0.01128381,-0.1056608, -0.09525801, -0.1518271, 0.9781157,-0.5702134, -0.005046604, -0.1774049, 0.8020965,0.9210734, -0.09494111, 0.1499471, -0.3465919,0.9818422, -0.1340613, 0.1162993, -0.06699236,-0.1001058, -0.1735281, -0.1782062, 0.9633843,-0.5393578, -0.04225819, -0.2278539, 0.8095616,0.9023297, -0.09381706, 0.2118998, -0.3634529,0.9708062, -0.1555794, 0.1717505, -0.0619043,-0.05844903, -0.2467726, -0.2418704, 0.936582,-0.4894483, -0.02688642, -0.2948387, 0.8202363,0.8627153, -0.1414832, 0.2600677, -0.409963,0.9491651, -0.2184091, 0.1998755, -0.1069247,1695797843496
0.04227157, 0.1116303, 0.4546694, 0.8826254,-0.09945997, 0.2486589, 0.4712548, 0.8403543,-0.3263701, 0.1097121, 0.521417, 0.7807497,-0.4924522, -0.00947632, 0.53275, 0.6881704,-0.1074124, -0.01797632, -0.07482833, 0.9912316,-0.5842658, -0.02220652, -0.09264451, 0.8059512,0.9424288, -0.0353738, 0.08845807, -0.3205492,0.9953894, -0.06116169, 0.0730437, -0.01112695,-0.105228, -0.0952325, -0.1515871, 0.978202,-0.5701466, -0.005019289, -0.1771562, 0.802199,0.9211755, -0.09486812, 0.1496982, -0.3464479,0.981909, -0.1339378, 0.1160612, -0.0666728,-0.09965646, -0.17349, -0.1780028, 0.9634754,-0.5393572, -0.04222642, -0.2276615, 0.8096178,0.9024934, -0.09381182, 0.2116889, -0.3631705,0.9708859, -0.155544, 0.1715194, -0.06138223,-0.05798932, -0.246696, -0.2417046, 0.9366735,-0.4893929, -0.02676078, -0.2946074, 0.8203566,0.8629273, -0.1415804, 0.2597395, -0.4096911,0.9492984, -0.2184339, 0.19949, -0.1064094,1695797843514
0.04227023, 0.1114901, 0.4549339, 0.8825068,-0.09950433, 0.2484857, 0.4715027, 0.8402613,-0.326377, 0.1094843, 0.5216063, 0.7806524,-0.4923616, -0.009682043, 0.5328848, 0.6881281,-0.1073019, -0.01812051, -0.0745641, 0.9912609,-0.5842445, -0.02247591, -0.09250341, 0.8059754,0.942462, -0.03508248, 0.08849445, -0.3204737,0.9953982, -0.06090182, 0.07316431, -0.01096812,-0.1050876, -0.09536703, -0.1513338, 0.9782432,-0.5701699, -0.00517326, -0.1769762, 0.8022213,0.9212697, -0.09466676, 0.1496179, -0.3462873,0.9819651, -0.1337431, 0.1160177, -0.06631175,-0.0994923, -0.1736186, -0.1777605, 0.9635139,-0.5394288, -0.04240182, -0.2275136, 0.8096025,0.902626, -0.09363141, 0.2116447, -0.3629131,0.9709435, -0.1553941, 0.1715022, -0.06089681,-0.05779935, -0.2468034, -0.2414718, 0.936717,-0.4894161, -0.02689198, -0.2944316, 0.8204016,0.8630784, -0.1414413, 0.2596295, -0.4094905,0.9493904, -0.2182937, 0.1994017, -0.1060417,1695797843531
0.04220856, 0.1114928, 0.454773, 0.8825924,-0.09963562, 0.2485466, 0.4713536, 0.8403113,-0.3265119, 0.1095871, 0.5214789, 0.7806666,-0.4925274, -0.009577533, 0.5327831, 0.6880895,-0.1073795, -0.01813579, -0.07473818, 0.9912391,-0.5843115, -0.02256355, -0.09272648, 0.8058987,0.9424908, -0.03514488, 0.08872514, -0.3203183,0.9953787, -0.0610433, 0.0733555, -0.01067146,-0.1051754, -0.09538824, -0.1514996, 0.978206,-0.5703023, -0.005138561, -0.1771507, 0.8020889,0.9213642, -0.09481856, 0.1497271, -0.3459467,0.981971, -0.1339434, 0.1160514, -0.06575945,-0.09959181, -0.1736424, -0.1779175, 0.9634703,-0.5395518, -0.04233181, -0.2276696, 0.8094804,0.9027127, -0.09380904, 0.2117198, -0.3626077,0.9709432, -0.1556243, 0.1714832, -0.06036413,-0.05790772, -0.2468386, -0.2416174, 0.9366634,-0.4894923, -0.02685847, -0.2945921, 0.8202996,0.863147, -0.1415977, 0.2597228, -0.4092327,0.9493889, -0.2185052, 0.1994024, -0.1056171,1695797843548
0.04214742, 0.1113707, 0.4547188, 0.8826386,-0.09979979, 0.2484388, 0.4713077, 0.8403495,-0.3266906, 0.1094892, 0.5214066, 0.7806539,-0.4927008, -0.009658443, 0.5326908, 0.6880358,-0.1073767, -0.0182663, -0.07481947, 0.9912308,-0.5843197, -0.02284362, -0.09295055, 0.8058591,0.9424984, -0.03505234, 0.08906721, -0.3202109,0.9953544, -0.06107526, 0.07369836, -0.01038751,-0.1051671, -0.09551759, -0.1515792, 0.978182,-0.5704013, -0.005258496, -0.1773144, 0.8019814,0.9214672, -0.09484587, 0.1499077, -0.3455865,0.9819804, -0.1340477, 0.1161864, -0.06516477,-0.09958501, -0.1737703, -0.1779949, 0.9634337,-0.5396166, -0.04238426, -0.227803, 0.8093969,0.9027917, -0.09388373, 0.2118406, -0.3623209,0.9709437, -0.155778, 0.1715338, -0.0598139,-0.05789685, -0.2469659, -0.2416867, 0.9366127,-0.4894892, -0.02693474, -0.2947179, 0.8202537,0.8632039, -0.1416584, 0.2598404, -0.4090169,0.9493933, -0.2186406, 0.1994502, -0.1052053,1695797843565
0.04167072, 0.111458, 0.4546575, 0.8826818,-0.1002573, 0.2485288, 0.4711642, 0.8403488,-0.3270616, 0.1096611, 0.5212837, 0.7805565,-0.4930713, -0.00948718, 0.5326089, 0.6878361,-0.1078314, -0.01844024, -0.07484301, 0.9911765,-0.5846434, -0.02331532, -0.09317074, 0.8055853,0.9425572, -0.03478127, 0.0895246, -0.31994,0.9953281, -0.06097757, 0.07420328, -0.009880147,-0.1056061, -0.09572572, -0.1515659, 0.9781164,-0.5707838, -0.005593416, -0.1774715, 0.8016723,0.9216189, -0.09465946, 0.1502232, -0.345096,0.9820049, -0.1339979, 0.1164989, -0.0643336,-0.1000147, -0.1739888, -0.1779439, 0.9633592,-0.5399244, -0.04260814, -0.2278713, 0.8091606,0.9028981, -0.09372963, 0.2120272, -0.3619865,0.9709548, -0.1557351, 0.1717189, -0.0592106,-0.05830613, -0.2472112, -0.241595, 0.9365463,-0.4897245, -0.02728928, -0.2948173, 0.8200659,0.8632736, -0.1414057, 0.2601276, -0.4087746,0.9493926, -0.218519, 0.1997783, -0.1048414,1695797843582
0.04137094, 0.1113787, 0.4547174, 0.8826751,-0.1004362, 0.2485342, 0.4711216, 0.8403497,-0.3271432, 0.1097385, 0.5212315, 0.7805462,-0.4932018, -0.009441255, 0.5325746, 0.6877697,-0.1080339, -0.01867233, -0.07477605, 0.9911551,-0.5845877, -0.02374174, -0.09328089, 0.8056005,0.9425212, -0.03449699, 0.08986074, -0.3199825,0.9953077, -0.06081679, 0.07460772, -0.009872713,-0.1057831, -0.0959719, -0.1514825, 0.9780861,-0.5707869, -0.005931149, -0.1775409, 0.8016523,0.921662, -0.09444091, 0.1504555, -0.3449394,0.9820102, -0.1338723, 0.1167653, -0.06403137,-0.1001761, -0.1742373, -0.1778432, 0.9633161,-0.5398702, -0.04292483, -0.2278949, 0.8091734,0.9029053, -0.09350798, 0.2122142, -0.3619162,0.9709491, -0.1556114, 0.171941, -0.05898492,-0.0584421, -0.2474646, -0.2414717, 0.9365026,-0.4896017, -0.02766382, -0.294839, 0.8201188,0.8632464, -0.1411354, 0.2603385, -0.4087914,0.9493816, -0.21835, 0.2000465, -0.1047821,1695797843600
0.04140689, 0.1113829, 0.4551313, 0.8824595,-0.1003678, 0.2485851, 0.4714958, 0.840133,-0.3268842, 0.1097743, 0.5215865, 0.7804127,-0.4929154, -0.00948256, 0.5329286, 0.6877002,-0.1079432, -0.01868888, -0.07431928, 0.9911991,-0.5843381, -0.02414496, -0.09295302, 0.8058075,0.942425, -0.03397507, 0.08982726, -0.3203311,0.9953254, -0.06031292, 0.07473683, -0.01020157,-0.1056601, -0.09598126, -0.1510384, 0.9781671,-0.570605, -0.006219526, -0.1771723, 0.801861,0.9216858, -0.09402072, 0.1502957, -0.3450604,0.9820744, -0.1334358, 0.1167201, -0.06403977,-0.1000191, -0.1742422, -0.1774126, 0.9634109,-0.5396239, -0.04317783, -0.2275034, 0.8094344,0.9029142, -0.09311561, 0.2120179, -0.3621102,0.9710246, -0.1551945, 0.1718627, -0.05906804,-0.05825547, -0.2474457, -0.2410608, 0.9366251,-0.489287, -0.02795031, -0.2944535, 0.8204353,0.8632357, -0.1407302, 0.260152, -0.4090723,0.9494661, -0.2179118, 0.1999962, -0.105024,1695797843617
0.04130618, 0.1116034, 0.4552422, 0.8823792,-0.1002738, 0.248899, 0.4715367, 0.8400283,-0.3267138, 0.1100991, 0.5217046, 0.7803592,-0.4927631, -0.009212224, 0.533116, 0.6876678,-0.1081237, -0.01856674, -0.074146, 0.9911947,-0.5843269, -0.0242752, -0.09278412, 0.8058311,0.9423773, -0.03375658, 0.08977011, -0.3205104,0.9953371, -0.06009474, 0.0747449, -0.01029039,-0.1058381, -0.09587406, -0.150854, 0.9781868,-0.5705998, -0.006295759, -0.176976, 0.8019076,0.9217128, -0.09385003, 0.1501743, -0.3450874,0.9821189, -0.1332569, 0.1166308, -0.06389334,-0.1001865, -0.1741409, -0.1772178, 0.9634477,-0.5395373, -0.04324863, -0.2272743, 0.8095527,0.9029152, -0.09293082, 0.2118676, -0.3622431,0.9710705, -0.1549806, 0.1717703, -0.05914372,-0.0584166, -0.2473531, -0.2408638, 0.9366902,-0.4891478, -0.02813707, -0.294268, 0.8205785,0.8632063, -0.140476, 0.2600997, -0.4092548,0.9494911, -0.2176414, 0.2000439, -0.1052682,1695797843635
0.04156305, 0.1114421, 0.4552487, 0.8823841,-0.09970758, 0.2489385, 0.4714854, 0.8401128,-0.3261783, 0.1101606, 0.5216642, 0.7806016,-0.4924015, -0.009225479, 0.5330889, 0.6879476,-0.1078244, -0.01856702, -0.07418603, 0.9912243,-0.5837741, -0.0243532, -0.09285187, 0.8062216,0.9422233, -0.03375215, 0.0898629, -0.3209372,0.9953235, -0.0601154, 0.07483774, -0.01079862,-0.1055431, -0.09585101, -0.1509168, 0.9782113,-0.5700998, -0.006341359, -0.1770331, 0.8022501,0.9216135, -0.09389775, 0.1502136, -0.3453227,0.9820917, -0.1333139, 0.1166547, -0.06414758,-0.09989777, -0.1741098, -0.1773035, 0.9634675,-0.5389925, -0.04326766, -0.2273114, 0.809904,0.9027963, -0.09301297, 0.2118753, -0.3625137,0.9710431, -0.155061, 0.1717517, -0.05943806,-0.05813657, -0.2473034, -0.2409696, 0.9366935,-0.488514, -0.02828844, -0.2943475, 0.8209223,0.8630012, -0.1404771, 0.2602055, -0.4096195,0.9494128, -0.2176705, 0.2001506, -0.1057104,1695797843651
0.04171641, 0.1113922, 0.4551738, 0.8824219,-0.09931364, 0.2491065, 0.4713612, 0.8401794,-0.3258896, 0.1103081, 0.521601, 0.7807435,-0.4923156, -0.009194443, 0.533058, 0.6880334,-0.1076813, -0.01852047, -0.07428771, 0.9912331,-0.5834369, -0.0244537, -0.09298826, 0.8064469,0.9421327, -0.03376418, 0.09002655, -0.321156,0.995306, -0.06017969, 0.07498802, -0.01101097,-0.1054118, -0.09579366, -0.1510287, 0.9782138,-0.5697899, -0.006386427, -0.177145, 0.8024452,0.9215727, -0.09396956, 0.1503026, -0.3453731,0.9820737, -0.13342, 0.1167058, -0.06410956,-0.09977731, -0.1740494, -0.1774256, 0.9634684,-0.5385954, -0.04323933, -0.2273722, 0.8101526,0.9027121, -0.09313051, 0.2118831, -0.3626887,0.971021, -0.1551829, 0.1717149, -0.05958595,-0.05802915, -0.2472386, -0.2411008, 0.9366835,-0.4880413, -0.02847025, -0.2944881, 0.8211467,0.8628389, -0.1404712, 0.2603875, -0.4098479,0.9493337, -0.2177243, 0.2003246, -0.1059793,1695797843668
0.04166124, 0.1112913, 0.4553381, 0.8823524,-0.09925567, 0.2491857, 0.4714493, 0.8401133,-0.3258558, 0.1103335, 0.521713, 0.7806792,-0.4923349, -0.009246504, 0.533172, 0.6879305,-0.1076513, -0.01865062, -0.07412327, 0.9912462,-0.5832384, -0.02479721, -0.09296077, 0.8065831,0.9421048, -0.03348346, 0.09019681, -0.3212195,0.9952998, -0.05996958, 0.07523467, -0.01103475,-0.1053595, -0.0959205, -0.1508677, 0.9782318,-0.5696327, -0.006684981, -0.1770999, 0.8025644,0.9216005, -0.09373669, 0.1504077, -0.3453166,0.9820917, -0.1332416, 0.1168577, -0.06392856,-0.09970836, -0.1741731, -0.1772681, 0.9634822,-0.5383362, -0.0434822, -0.227278, 0.8103383,0.9027012, -0.09293401, 0.2119181, -0.3627459,0.9710321, -0.1550173, 0.1718011, -0.05958782,-0.05794041, -0.2473506, -0.2409447, 0.9366996,-0.487716, -0.02890731, -0.294464, 0.8213333,0.8627749, -0.1401598, 0.2605761, -0.4099693,0.9493169, -0.2174989, 0.2005963, -0.1060795,1695797843686
0.04160397, 0.1114089, 0.4552107, 0.882406,-0.09917313, 0.2495527, 0.471268, 0.8401158,-0.3258488, 0.1106881, 0.5216495, 0.7806743,-0.4924139, -0.008953929, 0.5331884, 0.6878652,-0.1077788, -0.01856964, -0.07423715, 0.9912254,-0.583099, -0.02464419, -0.09298229, 0.8066861,0.9420879, -0.03363128, 0.09012202, -0.3212744,0.9953008, -0.06008557, 0.07511835, -0.01110658,-0.1055011, -0.09585007, -0.1509708, 0.9782076,-0.5695043, -0.006610589, -0.1771475, 0.8026456,0.921593, -0.09384825, 0.150391, -0.3453135,0.9820867, -0.1333493, 0.1168029, -0.06388019,-0.09985999, -0.1741077, -0.1773604, 0.9634613,-0.5381135, -0.04347585, -0.2273146, 0.8104762,0.9026521, -0.0929928, 0.2119302, -0.3628458,0.9710142, -0.1550689, 0.1718014, -0.05974365,-0.05810291, -0.2473002, -0.241028, 0.9366814,-0.4874748, -0.02906144, -0.2945646, 0.821435,0.8626832, -0.1401208, 0.2607279, -0.4100791,0.9492616, -0.2175033, 0.2007615, -0.1062524,1695797843703
0.04189936, 0.1112927, 0.4549006, 0.8825666,-0.09881171, 0.2497013, 0.4709856, 0.8402726,-0.3256676, 0.1108262, 0.5214362, 0.7808729,-0.4923877, -0.008853689, 0.5330101, 0.6880234,-0.107518, -0.01848132, -0.0746204, 0.9912266,-0.5827202, -0.0242361, -0.0932121, 0.8069456,0.9420302, -0.03412551, 0.09006294, -0.3214082,0.9952868, -0.06053105, 0.07491245, -0.01132625,-0.1052756, -0.09574206, -0.1513702, 0.9781808,-0.569133, -0.006316305, -0.1774243, 0.8028501,0.9214963, -0.09428889, 0.150429, -0.345435,0.9820245, -0.1337732, 0.1167219, -0.06409877,-0.09966929, -0.1739951, -0.1777755, 0.9634249,-0.5376645, -0.04325576, -0.2276102, 0.8107031,0.9025045, -0.09339645, 0.2120249, -0.3630539,0.9709358, -0.1554703, 0.1717743, -0.06005237,-0.05794937, -0.247187, -0.2414539, 0.9366112,-0.4869935, -0.02895877, -0.2949059, 0.8216016,0.8624547, -0.140446, 0.2609272, -0.4103217,0.9491232, -0.2178729, 0.2008469, -0.1065696,1695797843721
0.0419931, 0.1112458, 0.4547123, 0.8826651,-0.09866904, 0.2498975, 0.4707884, 0.8403416,-0.3256294, 0.1110156, 0.5213118, 0.7809449,-0.4924456, -0.008702479, 0.5329304, 0.6880456,-0.1074437, -0.01845322, -0.07484349, 0.9912183,-0.5824723, -0.02398113, -0.09333019, 0.8071186,0.9420092, -0.03442455, 0.09000316, -0.3214548,0.9952806, -0.06079181, 0.07476614, -0.01143944,-0.1052194, -0.09570837, -0.1515964, 0.9781551,-0.5688875, -0.00619106, -0.1775929, 0.8029879,0.9214441, -0.09451928, 0.1504781, -0.34549,0.9819862, -0.1340004, 0.116711, -0.06423052,-0.09963174, -0.1739605, -0.1780046, 0.9633927,-0.5373411, -0.04319461, -0.2277814, 0.8108727,0.9024029, -0.09358396, 0.2121136, -0.3632064,0.9708816, -0.1556597, 0.1718144, -0.06032271,-0.05793017, -0.2471567, -0.2416827, 0.9365613,-0.4866432, -0.02903293, -0.2951284, 0.8217267,0.8622804, -0.1405384, 0.2611372, -0.4105226,0.9490175, -0.2180165, 0.2010286, -0.1068739,1695797843738
0.04186891, 0.1112041, 0.4548728, 0.8825936,-0.09877191, 0.2500535, 0.470883, 0.8402301,-0.3256526, 0.1111698, 0.5214391, 0.7808284,-0.4924871, -0.008615674, 0.5330884, 0.6878946,-0.1075025, -0.0185697, -0.07466745, 0.991223,-0.5822987, -0.02404907, -0.09316349, 0.807261,0.9420133, -0.03429043, 0.08989973, -0.3214858,0.9952932, -0.06062502, 0.07471547, -0.01156191,-0.1052559, -0.09582859, -0.1514172, 0.9781671,-0.5687546, -0.006402304, -0.177486, 0.8031039,0.9214554, -0.09430893, 0.1504928, -0.3455107,0.9820024, -0.133802, 0.1167874, -0.06425751,-0.0996502, -0.1740802, -0.1778222, 0.9634029,-0.5371772, -0.04343899, -0.2276665, 0.8110004,0.9024045, -0.09335502, 0.2121411, -0.3632451,0.9708939, -0.1554469, 0.1719164, -0.06038255,-0.05792725, -0.2472706, -0.2414963, 0.9365795,-0.4864654, -0.02937529, -0.2950489, 0.8218483,0.8622591, -0.140247, 0.2612423, -0.4106001,0.9490237, -0.2177773, 0.2012208, -0.1069451,1695797843755
0.0415873, 0.1115543, 0.4550647, 0.8824637,-0.09913105, 0.2505159, 0.471033, 0.8399659,-0.3257281, 0.111705, 0.5216822, 0.780558,-0.4925635, -0.008197769, 0.5334446, 0.6875688,-0.1078892, -0.01844185, -0.07436817, 0.9912059,-0.5823461, -0.02406648, -0.0927912, 0.8072692,0.9420314, -0.03405377, 0.08960883, -0.321539,0.9953268, -0.06030786, 0.07451419, -0.01162776,-0.1056308, -0.09573181, -0.1510925, 0.9781864,-0.5688877, -0.006493259, -0.1771435, 0.8030846,0.9215281, -0.09402986, 0.1502676, -0.3454909,0.9820736, -0.1334831, 0.1166373, -0.06410545,-0.1000029, -0.1739947, -0.1774728, 0.9634463,-0.5373114, -0.04357878, -0.2273156, 0.8110024,0.9024703, -0.09301405, 0.2119431, -0.3632849,0.9709708, -0.1550666, 0.1718309, -0.06036754,-0.05826158, -0.2472029, -0.2411342, 0.9366699,-0.4866438, -0.02950927, -0.2947038, 0.8218617,0.8623632, -0.1399105, 0.2610482, -0.4106198,0.9491329, -0.2174041, 0.2011382, -0.1068912,1695797843773
0.04149127, 0.1114995, 0.4552068, 0.8824019,-0.09932703, 0.2505948, 0.4711505, 0.8398533,-0.3257245, 0.1118565, 0.5217937, 0.7804634,-0.4926085, -0.008129318, 0.5335864, 0.6874274,-0.1079204, -0.01855272, -0.0742168, 0.9912118,-0.5820699, -0.02413691, -0.09264671, 0.8074829,0.9419857, -0.03392829, 0.08952583, -0.3217094,0.9953362, -0.06016118, 0.07447574, -0.01182481,-0.105642, -0.0958443, -0.1509399, 0.9781978,-0.5687324, -0.006662704, -0.1770466, 0.8032145,0.9215206, -0.09385618, 0.1502695, -0.3455573,0.9820838, -0.133314, 0.1166931, -0.06419943,-0.0999984, -0.174106, -0.1773187, 0.963455,-0.5371383, -0.04379916, -0.2272219, 0.8111315,0.9024382, -0.0928011, 0.2119814, -0.3633968,0.9709768, -0.15488, 0.1719311, -0.06046423,-0.05823833, -0.2473077, -0.2409776, 0.936684,-0.4864509, -0.0297329, -0.2946012, 0.8220047,0.8623112, -0.1396858, 0.2610781, -0.4107864,0.9491458, -0.2172159, 0.2012242, -0.1069971,1695797843790
0.04162283, 0.1114142, 0.4551827, 0.8824189,-0.09907606, 0.2505876, 0.4711108, 0.8399073,-0.3254668, 0.1118813, 0.5217491, 0.7805971,-0.4923768, -0.008086951, 0.5335487, 0.6876231,-0.1077699, -0.01855248, -0.07426812, 0.9912243,-0.5818167, -0.02394335, -0.0926182, 0.8076744,0.9419417, -0.03408402, 0.0893851, -0.3218607,0.9953415, -0.060264, 0.07429446, -0.01199892,-0.1054958, -0.09583233, -0.1510022, 0.978205,-0.5685511, -0.006530682, -0.1770511, 0.803343,0.921463, -0.09397675, 0.1501935, -0.3457113,0.9820732, -0.1334076, 0.1165853, -0.06436195,-0.09985775, -0.1740901, -0.1773922, 0.9634589,-0.5369728, -0.04376405, -0.2272733, 0.8112286,0.9023719, -0.09286795, 0.2119999, -0.3635333,0.9709545, -0.1549425, 0.1719339, -0.06065331,-0.05810416, -0.2472836, -0.2410602, 0.9366775,-0.4862575, -0.02966461, -0.2946328, 0.8221102,0.8622288, -0.1397723, 0.2610598, -0.4109416,0.9491139, -0.217283, 0.201188, -0.1072117,1695797843807
0.04170364, 0.111533, 0.4549532, 0.8825185,-0.09891132, 0.2507117, 0.470902, 0.8400069,-0.3253143, 0.1120721, 0.5215792, 0.7807468,-0.4922312, -0.007839172, 0.5334262, 0.6878251,-0.1077973, -0.01838743, -0.07450247, 0.9912068,-0.5818594, -0.02344059, -0.09263813, 0.807656,0.9419811, -0.03450971, 0.08910872, -0.321777,0.9953525, -0.0605813, 0.07389987, -0.01191987,-0.1055533, -0.09567063, -0.1512326, 0.9781791,-0.5686061, -0.006142622, -0.1771196, 0.803292,0.9214373, -0.0943179, 0.150044, -0.3457517,0.9820629, -0.1336955, 0.1163382, -0.06436919,-0.09993847, -0.1739322, -0.1776187, 0.9634373,-0.5370715, -0.04350517, -0.2274043, 0.8111404,0.9023536, -0.09312652, 0.2119737, -0.3635279,0.9709336, -0.1551742, 0.1718324, -0.06068445,-0.0582119, -0.2471408, -0.2412849, 0.9366506,-0.4863769, -0.02932062, -0.294733, 0.8220159,0.8622184, -0.1400775, 0.2609704, -0.4109163,0.9490918, -0.2175348, 0.2010121, -0.1072267,1695797843826
0.04208394, 0.111712, 0.4544997, 0.8827114,-0.09823866, 0.2509067, 0.4704964, 0.8402548,-0.3248627, 0.1122857, 0.5212609, 0.7811166,-0.4917151, -0.007436346, 0.5331658, 0.6884005,-0.1076375, -0.01799102, -0.074989, 0.9911948,-0.5819041, -0.02236209, -0.09267952, 0.8076497,0.9420197, -0.03541472, 0.08851753, -0.3217287,0.9953722, -0.0612449, 0.07306585, -0.0120237,-0.1054616, -0.09526465, -0.1517282, 0.9781519,-0.5685202, -0.005258556, -0.1772351, 0.8033336,0.9213035, -0.09507725, 0.1496672, -0.3460635,0.9820154, -0.1342961, 0.1157778, -0.0648528,-0.0998993, -0.1735288, -0.1781237, 0.9634209,-0.5370988, -0.04288862, -0.2276653, 0.8110819,0.9022626, -0.09373552, 0.2118598, -0.3636638,0.970875, -0.155674, 0.1715707, -0.06108117,-0.05823716, -0.2467556, -0.2418039, 0.9366168,-0.4864435, -0.0285668, -0.294953, 0.8219241,0.8621371, -0.1407716, 0.2607618, -0.4109822,0.9490076, -0.2180692, 0.2006469, -0.1075701,1695797843842
0.04258827, 0.1117131, 0.454669, 0.8825999,-0.09754627, 0.250877, 0.4707044, 0.8402278,-0.3243512, 0.1120922, 0.521476, 0.7812134,-0.4911187, -0.007580498, 0.5333333, 0.6886948,-0.1071884, -0.01773793, -0.07482947, 0.9912601,-0.5816388, -0.02163639, -0.09220092, 0.8079153,0.9420422, -0.03575261, 0.08769774, -0.3218498,0.9954292, -0.06129726, 0.07219272, -0.01231275,-0.1050256, -0.09497836, -0.1516072, 0.9782454,-0.5681468, -0.004731858, -0.1768443, 0.803687,0.9212103, -0.09530155, 0.1490433, -0.3465186,0.9820398, -0.1342986, 0.1151528, -0.06558648,-0.09946512, -0.1732328, -0.1780428, 0.9635341,-0.5368083, -0.04265646, -0.2274444, 0.8113484,0.9022189, -0.0938274, 0.2115347, -0.3639376,0.9709032, -0.1556129, 0.171275, -0.06161566,-0.05782, -0.2464301, -0.241771, 0.9367368,-0.4861636, -0.02824829, -0.2947153, 0.822186,0.8621069, -0.140939, 0.2603676, -0.411238,0.9490392, -0.218056, 0.2002665, -0.1080252,1695797843859
0.04260616, 0.1115932, 0.4546195, 0.8826396,-0.09735786, 0.2508031, 0.47061, 0.8403246,-0.3242654, 0.1120011, 0.5213748, 0.7813296,-0.4910216, -0.007616005, 0.5332147, 0.6888555,-0.1071196, -0.01782493, -0.07490961, 0.9912599,-0.5815101, -0.02127384, -0.09214313, 0.8080242,0.942063, -0.03603174, 0.08743367, -0.3218297,0.9954411, -0.06147133, 0.07186244, -0.01241034,-0.1049553, -0.09505938, -0.1516911, 0.978232,-0.5679384, -0.004596764, -0.1768742, 0.8038286,0.9211369, -0.09543864, 0.1489868, -0.3467005,0.9820076, -0.1343884, 0.1150886, -0.06599654,-0.09939849, -0.1733111, -0.1781301, 0.9635107,-0.5366353, -0.04271487, -0.2275513, 0.8114299,0.9021327, -0.09384582, 0.2116532, -0.3640775,0.9708543, -0.1556368, 0.1714098, -0.06195033,-0.05775374, -0.2465045, -0.2418569, 0.9366992,-0.4860083, -0.02837794, -0.294853, 0.822224,0.8619787, -0.1408953, 0.2605612, -0.411399,0.9489511, -0.2180418, 0.2005028, -0.1083889,1695797843876
0.04265763, 0.111542, 0.4542501, 0.8828338,-0.09725486, 0.2508333, 0.4702562, 0.8405256,-0.3242771, 0.1120902, 0.5210509, 0.7815281,-0.4911521, -0.00751443, 0.5329182, 0.688993,-0.107106, -0.01780573, -0.07533143, 0.9912298,-0.5813625, -0.02088075, -0.09241956, 0.808109,0.9420446, -0.03652661, 0.08742533, -0.3218302,0.9954233, -0.06193601, 0.07170295, -0.01245783,-0.1049725, -0.09503925, -0.1521089, 0.9781673,-0.5677548, -0.004405614, -0.1772257, 0.8038819,0.9210371, -0.09580369, 0.1491644, -0.3467884,0.981925, -0.1347675, 0.1151785, -0.06629434,-0.09944822, -0.1732924, -0.1785429, 0.9634326,-0.536446, -0.04255849, -0.2278998, 0.8114654,0.9019879, -0.09416697, 0.211854, -0.3642367,0.9707587, -0.1559824, 0.1715198, -0.06227377,-0.05783312, -0.2465014, -0.2422587, 0.9365912,-0.4858313, -0.02836659, -0.2952624, 0.8221821,0.8617522, -0.1410973, 0.260914, -0.4115807,0.9487832, -0.2183239, 0.2007965, -0.1087474,1695797843895
0.04247926, 0.1114667, 0.4540309, 0.8829647,-0.09743796, 0.2508516, 0.4700083, 0.8406376,-0.324497, 0.1121672, 0.5208194, 0.7815801,-0.4915493, -0.007519989, 0.5327079, 0.6888723,-0.1072507, -0.01794339, -0.07557927, 0.9911928,-0.581131, -0.0209425, -0.09269632, 0.8082423,0.9419874, -0.03665144, 0.0876805, -0.3219139,0.9953946, -0.06213183, 0.07190851, -0.01258651,-0.1051216, -0.09518718, -0.1523415, 0.9781007,-0.5675273, -0.004619156, -0.1775523, 0.8039693,0.9209548, -0.09583475, 0.1495388, -0.3468373,0.9818484, -0.1348847, 0.115552, -0.06653931,-0.09960958, -0.1734434, -0.1787592, 0.9633486,-0.5361573, -0.04269982, -0.2281465, 0.8115795,0.9018324, -0.09420076, 0.2121328, -0.3644506,0.9706715, -0.1560835, 0.1717908, -0.06263113,-0.05799794, -0.2466679, -0.242451, 0.9364874,-0.4855639, -0.02871749, -0.2955908, 0.8222098,0.8615109, -0.1409671, 0.2613942, -0.4118256,0.9486292, -0.2183468, 0.2013041, -0.1091056,1695797843912
0.04248308, 0.1114252, 0.453835, 0.8830704,-0.09749591, 0.2508733, 0.4698342, 0.8407217,-0.3245998, 0.1122198, 0.5206614, 0.7816351,-0.4917467, -0.00749879, 0.5325648, 0.6888422,-0.1072559, -0.01795782, -0.07580451, 0.9911748,-0.5809864, -0.02097571, -0.0929432, 0.808317,0.9419323, -0.03677274, 0.08789872, -0.3220017,0.9953697, -0.06231555, 0.07207768, -0.01268026,-0.105141, -0.0952019, -0.1525634, 0.9780626,-0.5673534, -0.004706929, -0.1778127, 0.8040339,0.9208651, -0.09591597, 0.1497987, -0.346941,0.9817806, -0.1350169, 0.1158013, -0.06683833,-0.09964536, -0.1734589, -0.1789773, 0.9633016,-0.5359175, -0.04268087, -0.2283352, 0.8116858,0.9016873, -0.09431876, 0.2122795, -0.3646936,0.9705999, -0.1562137, 0.1719183, -0.06306503,-0.0580475, -0.2466919, -0.2426612, 0.9364236,-0.48536, -0.02885242, -0.2958488, 0.8222328,0.8613126, -0.1409724, 0.2616978, -0.4120457,0.9485037, -0.2184331, 0.2016085, -0.1094607,1695797843930
0.04234803, 0.1113621, 0.4536671, 0.8831711,-0.09776434, 0.25083, 0.4696805, 0.8407893,-0.3248735, 0.1122223, 0.5205013, 0.7816276,-0.4920418, -0.007483657, 0.5324091, 0.6887521,-0.1073626, -0.01806695, -0.07599548, 0.9911466,-0.5810949, -0.02111216, -0.09321594, 0.8082041,0.9419567, -0.03682002, 0.08819989, -0.3218425,0.9953439, -0.06245796, 0.07234596, -0.01247042,-0.105251, -0.09531855, -0.1527429, 0.9780114,-0.5674389, -0.004848868, -0.1780812, 0.8039134,0.9208647, -0.09594779, 0.1501015, -0.3468021,0.981732, -0.1351202, 0.116099, -0.06682769,-0.09976465, -0.1735778, -0.1791446, 0.9632367,-0.5359582, -0.04271666, -0.228541, 0.8115991,0.901646, -0.09439102, 0.212476, -0.3646626,0.9705458, -0.15633, 0.1720948, -0.06312732,-0.05816934, -0.2468223, -0.2428102, 0.936343,-0.4854136, -0.02895501, -0.2960781, 0.8221149,0.8612468, -0.1409867, 0.2619607, -0.4120112,0.948427, -0.2185258, 0.2018592, -0.109479,1695797843947
0.04202418, 0.1113433, 0.4536511, 0.8831972,-0.09827311, 0.2508715, 0.4696414, 0.8407395,-0.3253921, 0.1122443, 0.5204813, 0.781422,-0.4925999, -0.007534233, 0.5323935, 0.6883646,-0.1076277, -0.01825356, -0.07599901, 0.9911141,-0.5812851, -0.02153264, -0.09340449, 0.8080344,0.9420407, -0.03659416, 0.08859414, -0.3215139,0.9953224, -0.06237192, 0.07278597, -0.01205268,-0.105499, -0.09552447, -0.1527246, 0.9779674,-0.567672, -0.005205307, -0.1782398, 0.8037114,0.920966, -0.09575124, 0.1504268, -0.3464464,0.9817253, -0.1350237, 0.1164694, -0.06647456,-0.1000034, -0.1737886, -0.1791035, 0.9631816,-0.5361845, -0.04290978, -0.2286123, 0.8114193,0.901738, -0.09427677, 0.2126423, -0.3643675,0.9705436, -0.156282, 0.1722811, -0.06277177,-0.05838931, -0.2470461, -0.242742, 0.936288,-0.4856529, -0.02921816, -0.2961725, 0.8219303,0.8613625, -0.1408335, 0.2621789, -0.4116829,0.9484407, -0.2184725, 0.2020931, -0.1090343,1695797843964
0.04190303, 0.1114392, 0.4535268, 0.8832547,-0.09847388, 0.2510661, 0.4695181, 0.8407267,-0.3256236, 0.1124374, 0.5204222, 0.7813373,-0.4928826, -0.007391762, 0.5323784, 0.6881754,-0.1077973, -0.01822521, -0.07611015, 0.9910877,-0.5814255, -0.02167601, -0.09357221, 0.8079101,0.9420891, -0.03657619, 0.08881322, -0.3213138,0.9953071, -0.06243031, 0.07299358, -0.01174907,-0.1056777, -0.09550954, -0.1528213, 0.9779345,-0.5678346, -0.005293597, -0.1783817, 0.8035644,0.9210232, -0.09576007, 0.1505924, -0.3462199,0.9817166, -0.135083, 0.1166218, -0.06621493,-0.1001897, -0.1737791, -0.1791856, 0.9631487,-0.5363376, -0.04285958, -0.2286862, 0.8113,0.9017944, -0.09435882, 0.2126752, -0.3641875,0.9705437, -0.1563789, 0.1722787, -0.06253446,-0.05858159, -0.247053, -0.2428099, 0.9362566,-0.4858232, -0.02925904, -0.2962883, 0.8217865,0.8614366, -0.1408724, 0.2622934, -0.4114415,0.9484404, -0.2185618, 0.2021722, -0.1087101,1695797843982
0.04239186, 0.1113296, 0.4534431, 0.8832882,-0.09795167, 0.2509457, 0.4695188, 0.8408233,-0.3252008, 0.1122863, 0.5203974, 0.7815515,-0.4924575, -0.007485974, 0.532321, 0.6885231,-0.1073429, -0.01804988, -0.07625219, 0.9911293,-0.5813046, -0.02152185, -0.09368042, 0.8079887,0.9420584, -0.03677071, 0.08880949, -0.3213824,0.9952998, -0.06261601, 0.07292768, -0.01179624,-0.1052505, -0.09530004, -0.152998, 0.9779733,-0.5676818, -0.005021876, -0.1784511, 0.8036588,0.9209444, -0.09602156, 0.1504987, -0.3463977,0.9816889, -0.1353003, 0.1164638, -0.06645933,-0.09978436, -0.1735598, -0.1793977, 0.9631908,-0.5362612, -0.04249497, -0.2287739, 0.8113449,0.9017608, -0.09471113, 0.2125397, -0.3642584,0.9705302, -0.1566602, 0.1720491, -0.0626722,-0.05820772, -0.2468133, -0.2430577, 0.9362788,-0.4857941, -0.02884737, -0.296382, 0.8217844,0.8614435, -0.1412868, 0.2621306, -0.4113888,0.9484296, -0.2189004, 0.2018838, -0.1086597,1695797844000
0.04218591, 0.1114731, 0.4532892, 0.883359,-0.09821902, 0.2511176, 0.4693591, 0.84083,-0.3254206, 0.1125215, 0.5202854, 0.7815008,-0.4927071, -0.007267871, 0.5322642, 0.6883906,-0.1076126, -0.01802358, -0.07638174, 0.9910906,-0.5816215, -0.0215792, -0.09383404, 0.8077413,0.942148, -0.03680607, 0.0889708, -0.321071,0.9952891, -0.06270763, 0.07306328, -0.0113667,-0.1055299, -0.09529495, -0.1531052, 0.977927,-0.5679855, -0.005067923, -0.1785942, 0.803412,0.9210052, -0.09604114, 0.1506574, -0.3461616,0.981685, -0.1353751, 0.1165982, -0.066129,-0.1000715, -0.173563, -0.179482, 0.9631447,-0.5365779, -0.04243104, -0.2288627, 0.8111138,0.9018333, -0.09478066, 0.2125916, -0.3640305,0.9705318, -0.1567544, 0.1720657, -0.06236579,-0.05849992, -0.2468401, -0.24312, 0.9362373,-0.4861722, -0.02882169, -0.296497, 0.8215202,0.8615558, -0.1413376, 0.2622305, -0.4110723,0.9484403, -0.2189949, 0.2019465, -0.1082581,1695797844015
0.04174949, 0.1114132, 0.4533549, 0.8833535,-0.09888833, 0.2509851, 0.4693981, 0.8407693,-0.3258709, 0.112501, 0.5202611, 0.7813323,-0.4931411, -0.007308027, 0.5322356, 0.6881015,-0.107939, -0.01831247, -0.07629684, 0.9910563,-0.5818918, -0.02212206, -0.09399071, 0.8075137,0.9421571, -0.03643244, 0.08942213, -0.3209614,0.9952651, -0.06250364, 0.07359984, -0.01112029,-0.1058241, -0.0956072, -0.1529941, 0.9778821,-0.5682865, -0.005590482, -0.178738, 0.8031636,0.9210354, -0.09565463, 0.1510918, -0.3459989,0.9816814, -0.1351556, 0.1170961, -0.06575051,-0.1003455, -0.1738802, -0.1793437, 0.9630848,-0.5368811, -0.04275082, -0.2289012, 0.8108855,0.9018542, -0.09448085, 0.2128304, -0.3639171,0.9705278, -0.1565774, 0.1723569, -0.06206812,-0.05874055, -0.2471683, -0.2429483, 0.9361803,-0.4865265, -0.02912688, -0.2965243, 0.8212898,0.8616107, -0.1410287, 0.2624613, -0.410916,0.9484603, -0.2188133, 0.202227, -0.1079264,1695797844032
0.04161261, 0.1113536, 0.453272, 0.88341,-0.09946113, 0.2508485, 0.4694044, 0.840739,-0.3261892, 0.1125171, 0.5201974, 0.7812395,-0.4934263, -0.007274767, 0.5321772, 0.6879426,-0.1080362, -0.01842776, -0.0763929, 0.9910362,-0.5819065, -0.02234733, -0.09419325, 0.8074732,0.9420989, -0.03635311, 0.08972303, -0.3210574,0.9952396, -0.06252116, 0.07391126, -0.01124233,-0.1059174, -0.0957292, -0.1530806, 0.9778465,-0.5683678, -0.005786079, -0.1789295, 0.8030621,0.9209905, -0.09557594, 0.1513753, -0.3460164,0.9816502, -0.1351742, 0.1173762, -0.06567828,-0.1004409, -0.1740037, -0.17942, 0.9630383,-0.5370511, -0.04279366, -0.2290353, 0.8107328,0.9018136, -0.09446643, 0.2129896, -0.3639283,0.9705022, -0.1566399, 0.1724888, -0.06194401,-0.05883198, -0.247299, -0.2430097, 0.9361241,-0.486768, -0.02902785, -0.296602, 0.8211221,0.8616145, -0.1410882, 0.2625062, -0.410859,0.9484621, -0.2189158, 0.2022159, -0.1077232,1695797844050
0.04158792, 0.111398, 0.4533288, 0.8833765,-0.09978574, 0.2507902, 0.4695366, 0.8406441,-0.3262518, 0.1125737, 0.5202764, 0.7811526,-0.4934238, -0.00720339, 0.5322673, 0.6878754,-0.1080711, -0.01840875, -0.07631981, 0.9910384,-0.5818602, -0.02238531, -0.09412064, 0.807514,0.942052, -0.03627094, 0.08968956, -0.3212136,0.9952427, -0.06242608, 0.07391064, -0.01149393,-0.1059487, -0.09571306, -0.1530058, 0.9778564,-0.5684003, -0.005809235, -0.1788568, 0.8030552,0.920953, -0.09548963, 0.1513448, -0.3461531,0.9816584, -0.1350909, 0.1173625, -0.065752,-0.100467, -0.1739885, -0.1793438, 0.9630525,-0.5372174, -0.04277709, -0.2289685, 0.8106424,0.9018147, -0.09439264, 0.2129471, -0.3639696,0.9705229, -0.1565753, 0.1724547, -0.06187711,-0.05885391, -0.2472839, -0.242934, 0.9361463,-0.4870252, -0.02878283, -0.2964526, 0.8210322,0.8616972, -0.1411568, 0.2622734, -0.4108107,0.9485387, -0.2189313, 0.2019447, -0.107526,1695797844068
0.04169366, 0.1116892, 0.4531173, 0.8834432,-0.09993158, 0.2509571, 0.469453, 0.8406236,-0.3262804, 0.1128278, 0.5202264, 0.7811373,-0.49337, -0.006884019, 0.5322765, 0.6879102,-0.1081628, -0.01808647, -0.07650032, 0.9910204,-0.5820269, -0.02206462, -0.09414168, 0.8074003,0.9420765, -0.03653186, 0.08952612, -0.3211578,0.9952486, -0.0626227, 0.07367429, -0.01143779,-0.1060799, -0.09540027, -0.1531791, 0.9778456,-0.5686463, -0.005451242, -0.1788698, 0.8028806,0.9209738, -0.09575618, 0.1511783, -0.346097,0.9816674, -0.1353077, 0.1171152, -0.06561199,-0.1006223, -0.1736832, -0.1795104, 0.9630604,-0.5376172, -0.04235137, -0.2289907, 0.8103933,0.901894, -0.0946923, 0.2127528, -0.3638086,0.9705555, -0.1568205, 0.1721561, -0.06157609,-0.05904278, -0.2469999, -0.2431029, 0.9361656,-0.4875287, -0.02812119, -0.2964016, 0.8207746,0.8618735, -0.1416152, 0.2618967, -0.4105233,0.9486253, -0.2192676, 0.2014112, -0.1070758,1695797844085
0.04201715, 0.1116877, 0.4528454, 0.8835675,-0.0999006, 0.2508791, 0.4693412, 0.840713,-0.3262839, 0.1127775, 0.5200987, 0.7812281,-0.4933452, -0.006866754, 0.5321413, 0.6880327,-0.107931, -0.01788991, -0.07681912, 0.9910246,-0.5819197, -0.02170182, -0.09432572, 0.8074659,0.9420208, -0.03693243, 0.08946679, -0.321292,0.995236, -0.06297605, 0.07350053, -0.01170125,-0.1058881, -0.09518702, -0.1535132, 0.9778348,-0.5685712, -0.005068658, -0.1790529, 0.8028955,0.9208872, -0.09616133, 0.1511245, -0.3462385,0.9816216, -0.1356733, 0.1169546, -0.06582941,-0.100464, -0.1734672, -0.17986, 0.9630506,-0.5376878, -0.04193517, -0.229206, 0.8103073,0.9018456, -0.0951234, 0.2127099, -0.3638414,0.9705223, -0.1572233, 0.1719732, -0.06158274,-0.05892471, -0.2467857, -0.2434679, 0.9361347,-0.4876775, -0.02748953, -0.2965451, 0.8206558,0.8618782, -0.1421861, 0.2616825, -0.4104528,0.948617, -0.2197567, 0.2010016, -0.1069169,1695797844102
0.042185, 0.1113193, 0.4532534, 0.8833967,-0.1000387, 0.2503707, 0.4698119, 0.8405852,-0.3263663, 0.1121699, 0.52041, 0.7810739,-0.4933783, -0.007519004, 0.5323083, 0.6878729,-0.1075402, -0.01815054, -0.07645243, 0.9910907,-0.5816592, -0.02213444, -0.09417082, 0.8076599,0.9419458, -0.036497, 0.0895882, -0.3215277,0.9952384, -0.06260134, 0.07375058, -0.01193248,-0.1054519, -0.09541534, -0.1531798, 0.9779119,-0.56835, -0.005414071, -0.1788764, 0.8030891,0.9208575, -0.0957959, 0.1511595, -0.3464035,0.9816413, -0.1353346, 0.1170923, -0.06598697,-0.09999514, -0.17368, -0.17956, 0.9631171,-0.5375121, -0.04221302, -0.2290377, 0.810457,0.9018129, -0.09481507, 0.2127212, -0.3639964,0.9705454, -0.1569492, 0.1720673, -0.06165555,-0.05842044, -0.2469516, -0.2431954, 0.9361933,-0.487513, -0.02767124, -0.2963388, 0.8208219,0.8618719, -0.1419445, 0.2615992, -0.4106026,0.9486743, -0.2195281, 0.2009721, -0.1069334,1695797844119
0.04219883, 0.1111992, 0.4536657, 0.8831996,-0.1002657, 0.2500956, 0.4702592, 0.84039,-0.3264647, 0.1118271, 0.5207554, 0.7808517,-0.4934261, -0.007931895, 0.5325679, 0.687633,-0.107405, -0.01828378, -0.07602184, 0.991136,-0.5816954, -0.02255223, -0.09391845, 0.8076516,0.9419352, -0.03600042, 0.08962839, -0.3216034,0.9952537, -0.06215271, 0.07393456, -0.01186377,-0.1052765, -0.0955371, -0.1527642, 0.977984,-0.5683938, -0.005684859, -0.1785723, 0.803124,0.9209234, -0.09540558, 0.1510568, -0.3463811,0.9817061, -0.1349458, 0.1170898, -0.0658244,-0.09978399, -0.1737947, -0.17916, 0.9631928,-0.5375358, -0.04245696, -0.2287402, 0.8105125,0.9018602, -0.09444349, 0.2126149, -0.3640377,0.9706087, -0.156578, 0.1720698, -0.06159548,-0.05817373, -0.2470375, -0.2428123, 0.9362855,-0.4875449, -0.02784971, -0.2960183, 0.8209127,0.8619592, -0.1416245, 0.2614286, -0.4106384,0.9487785, -0.2191887, 0.2008948, -0.1068498,1695797844137
0.04183277, 0.1111691, 0.4540695, 0.8830132,-0.1009111, 0.2498923, 0.4706447, 0.8401574,-0.3268516, 0.1116397, 0.5210462, 0.7805226,-0.4937869, -0.00822453, 0.5328085, 0.6871841,-0.1076365, -0.01854218, -0.07556111, 0.9911413,-0.5819858, -0.02321008, -0.09372794, 0.8074459,0.9419367, -0.03532131, 0.08986679, -0.3216079,0.9952588, -0.06159642, 0.07436071, -0.01167178,-0.105453, -0.0958117, -0.1522895, 0.9780121,-0.5686856, -0.006194396, -0.1783205, 0.8029695,0.9210204, -0.0948172, 0.1511499, -0.3462439,0.9817716, -0.1344312, 0.1173236, -0.06548154,-0.09991405, -0.1740707, -0.1786713, 0.9632202,-0.5377482, -0.04290806, -0.2284449, 0.8104312,0.9019166, -0.09386197, 0.2126455, -0.3640306,0.9706674, -0.1560564, 0.1722631, -0.06145437,-0.05824967, -0.2473046, -0.2423098, 0.9363404,-0.4877707, -0.02825995, -0.2957001, 0.8208791,0.8620557, -0.1410604, 0.2614176, -0.410637,0.9488809, -0.2186739, 0.2010446, -0.1067137,1695797844154
0.04168044, 0.1109361, 0.4542046, 0.8829802,-0.1011995, 0.2495504, 0.4707701, 0.840154,-0.3270112, 0.1113546, 0.5210567, 0.7804894,-0.4939904, -0.008547661, 0.532754, 0.6870761,-0.1076251, -0.01883278, -0.07545043, 0.9911455,-0.5821617, -0.02370412, -0.09386858, 0.8072885,0.9419169, -0.0349796, 0.09027527, -0.3215888,0.9952362, -0.06141299, 0.07484411, -0.01147671,-0.1054093, -0.09609929, -0.1521791, 0.9780058,-0.5688483, -0.006499744, -0.1783849, 0.8028376,0.9210584, -0.0945904, 0.1513805, -0.3461041,0.9817741, -0.1342923, 0.1175967, -0.06524017,-0.09985179, -0.1743537, -0.1785605, 0.963196,-0.537838, -0.04316927, -0.2284865, 0.8103459,0.9019091, -0.0936506, 0.2128362, -0.3639922,0.9706544, -0.1559333, 0.1724949, -0.06132188,-0.0581591, -0.2475751, -0.2421904, 0.9363055,-0.487828, -0.02844828, -0.2956939, 0.8208408,0.8620541, -0.1408827, 0.2615268, -0.4106318,0.9488891, -0.218563, 0.2011825, -0.1066081,1695797844172
0.04177123, 0.1106335, 0.4544939, 0.8828651,-0.1011215, 0.2491562, 0.4710468, 0.8401253,-0.3269352, 0.1108952, 0.521216, 0.7804803,-0.4939563, -0.009063718, 0.5328055, 0.6870541,-0.1073505, -0.01906756, -0.07519699, 0.9911901,-0.582078, -0.02407078, -0.09380554, 0.8073452,0.9418861, -0.03464537, 0.0904355, -0.32167,0.9952337, -0.06115456, 0.07509329, -0.0114432,-0.1050986, -0.09631094, -0.1519486, 0.9780542,-0.5687824, -0.006701736, -0.1782642, 0.8029094,0.9210907, -0.09437588, 0.1513811, -0.3460765,0.9818013, -0.1340947, 0.1176505, -0.06514043,-0.0995167, -0.1745537, -0.1783528, 0.9632329,-0.5377317, -0.04340084, -0.2283965, 0.8104296,0.9019307, -0.09344501, 0.212877, -0.3639676,0.9706741, -0.1557706, 0.1725808, -0.06118188,-0.05779565, -0.247741, -0.2419996, 0.9363334,-0.4876527, -0.02859895, -0.2955536, 0.8209903,0.8620732, -0.1407314, 0.2614661, -0.4106824,0.9489378, -0.2184269, 0.2011456, -0.1065237,1695797844189
0.04177722, 0.1106312, 0.4546497, 0.8827848,-0.1011396, 0.2490728, 0.4712054, 0.8400589,-0.3268894, 0.1108017, 0.5213394, 0.7804304,-0.4939263, -0.009202595, 0.5329044, 0.6869971,-0.1073207, -0.01908104, -0.07502533, 0.991206,-0.5821776, -0.0243125, -0.09373587, 0.8072743,0.9419209, -0.0344064, 0.09051912, -0.3215703,0.9952377, -0.06096741, 0.0752362, -0.01115558,-0.1050561, -0.09632201, -0.1517813, 0.9780837,-0.5689609, -0.006778679, -0.1781377, 0.8028104,0.9212193, -0.09425718, 0.1513095, -0.3457975,0.9818564, -0.1339833, 0.1175902, -0.06464484,-0.09946109, -0.1745631, -0.1781902, 0.9632671,-0.537883, -0.04343469, -0.2282651, 0.8103643,0.90206, -0.09336703, 0.2127772, -0.3637253,0.9707316, -0.1556966, 0.1724822, -0.06073406,-0.05772827, -0.2477416, -0.2418438, 0.9363777,-0.4877557, -0.02859535, -0.2954006, 0.8209842,0.8622144, -0.1406868, 0.2613167, -0.4104961,0.9490302, -0.2183734, 0.2009783, -0.1061247,1695797844207
0.04182552, 0.1108513, 0.4547188, 0.8827193,-0.1009122, 0.2492918, 0.4712494, 0.8399966,-0.3266814, 0.1109819, 0.5214455, 0.780421,-0.4937797, -0.009096083, 0.5330476, 0.6869928,-0.1073821, -0.01887613, -0.07490701, 0.9912122,-0.5823492, -0.02429936, -0.09358361, 0.8071685,0.9419737, -0.03432169, 0.09039012, -0.3214611,0.9952551, -0.0608564, 0.07513222, -0.01090604,-0.1051265, -0.09612338, -0.1516611, 0.9781143,-0.5691513, -0.006633165, -0.1779347, 0.8027217,0.9213548, -0.09427588, 0.1510523, -0.3455439,0.9819236, -0.1339467, 0.117316, -0.064197,-0.09952916, -0.1743685, -0.178069, 0.9633177,-0.5380391, -0.0432974, -0.2280716, 0.8103225,0.9022108, -0.0933975, 0.2125282, -0.3634889,0.970807, -0.1556665, 0.1722187, -0.06035209,-0.0578022, -0.2475519, -0.2417308, 0.9364524,-0.4878577, -0.02845927, -0.2952073, 0.8209979,0.8623788, -0.1407381, 0.2610557, -0.4102994,0.9491309, -0.2183549, 0.2006948, -0.1057981,1695797844224
0.0423191, 0.1107746, 0.454911, 0.8826064,-0.1001747, 0.2492618, 0.4714502, 0.8399811,-0.3261141, 0.1108003, 0.5216512, 0.7805465,-0.493275, -0.00933466, 0.5332068, 0.6872286,-0.1068988, -0.01869659, -0.07473739, 0.9912807,-0.5821039, -0.02421247, -0.0933793, 0.8073717,0.941954, -0.03429199, 0.09016649, -0.3215846,0.9952751, -0.06075837, 0.07492901, -0.01102831,-0.1046495, -0.09590746, -0.1515323, 0.9782066,-0.5689316, -0.006389957, -0.177681, 0.8029355,0.921388, -0.09437652, 0.1506799, -0.3455905,0.9819715, -0.1339401, 0.1169249, -0.06419157,-0.09905107, -0.1741409, -0.1779824, 0.9634241,-0.5378578, -0.04308739, -0.2278844, 0.8105068,0.9023013, -0.09354377, 0.2122201, -0.363407,0.9708682, -0.1557115, 0.1718771, -0.06022654,-0.05733578, -0.2472902, -0.2416917, 0.9365603,-0.4876246, -0.02821335, -0.2950137, 0.8212145,0.8624898, -0.1409515, 0.2606947, -0.4102223,0.9492185, -0.2184534, 0.2002678, -0.1056186,1695797844241
0.04232251, 0.1109064, 0.4549909, 0.8825485,-0.09997573, 0.2494851, 0.471476, 0.839924,-0.3259667, 0.1109682, 0.5217457, 0.7805212,-0.4931725, -0.009228676, 0.533336, 0.6872033,-0.1069512, -0.01859101, -0.07462247, 0.9912857,-0.5821406, -0.02418551, -0.09322768, 0.8073636,0.9420055, -0.03423356, 0.09002446, -0.3214801,0.9952909, -0.06065643, 0.07481402, -0.01094018,-0.1047027, -0.09580675, -0.1514155, 0.9782289,-0.568993, -0.006311182, -0.1775104, 0.8029304,0.9214974, -0.09437279, 0.1504777, -0.3453878,0.9820249, -0.1338913, 0.1167171, -0.06385387,-0.09909882, -0.1740426, -0.1778641, 0.9634588,-0.5379307, -0.04305106, -0.2277353, 0.8105022,0.9024447, -0.09353945, 0.2120546, -0.3631486,0.9709274, -0.1556685, 0.1717093, -0.05986093,-0.05738255, -0.2471938, -0.2415779, 0.9366123,-0.4876645, -0.02821581, -0.2948814, 0.8212382,0.8626429, -0.1409436, 0.2605496, -0.4099951,0.9492976, -0.2184151, 0.2001151, -0.105275,1695797844258
0.04227683, 0.1110485, 0.4547839, 0.8826395,-0.09981179, 0.2497415, 0.4712244, 0.8400086,-0.3258862, 0.1112475, 0.5215815, 0.7806247,-0.4931266, -0.008926749, 0.5332388, 0.6873157,-0.1070935, -0.01847572, -0.0748201, 0.9912575,-0.5821854, -0.02391702, -0.0932993, 0.807331,0.9420236, -0.03449408, 0.08992742, -0.3214262,0.9952902, -0.06086593, 0.07464664, -0.0109852,-0.1048677, -0.09570339, -0.1516004, 0.9781927,-0.5690261, -0.006067976, -0.1775864, 0.802892,0.9215219, -0.0946249, 0.1503991, -0.3452877,0.982023, -0.1341165, 0.1165612, -0.06369477,-0.09928119, -0.1739455, -0.1780362, 0.9634258,-0.5380023, -0.0429019, -0.2278431, 0.8104323,0.9024912, -0.09373929, 0.2120519, -0.362983,0.970919, -0.1558568, 0.1716442, -0.05969225,-0.05758354, -0.2471167, -0.2417389, 0.9365788,-0.487716, -0.02807371, -0.2949871, 0.8211745,0.8626801, -0.1411395, 0.2605478, -0.4098505,0.9492835, -0.2185959, 0.2000534, -0.1051442,1695797844276
0.04241262, 0.1111161, 0.4544129, 0.8828155,-0.09926946, 0.2499628, 0.4708008, 0.8402445,-0.3256438, 0.111433, 0.5212652, 0.7809106,-0.4928975, -0.008630513, 0.5329731, 0.6876898,-0.10707, -0.01831118, -0.07522432, 0.9912326,-0.5822647, -0.02348149, -0.09353866, 0.807259,0.9420577, -0.03499093, 0.08986934, -0.3212889,0.9952789, -0.06131489, 0.07444022, -0.01090901,-0.1048861, -0.09553821, -0.1520025, 0.9781445,-0.5690438, -0.005630824, -0.177819, 0.8028312,0.9215121, -0.09512146, 0.1503436, -0.3452016,0.9819887, -0.1345759, 0.1163642, -0.0636144,-0.09933615, -0.1737833, -0.1784359, 0.9633755,-0.5380452, -0.04256283, -0.2281234, 0.8103428,0.9025142, -0.09419989, 0.2120808, -0.3627895,0.9708757, -0.156291, 0.1715371, -0.05956876,-0.0576778, -0.2469726, -0.2421352, 0.9365086,-0.4877222, -0.02775819, -0.2952731, 0.8210788,0.8626841, -0.1415941, 0.2605913, -0.4096577,0.9492156, -0.2190233, 0.1999638, -0.1050385,1695797844293
0.04258291, 0.1110834, 0.4542006, 0.8829207,-0.0986105, 0.2501048, 0.4705013, 0.8404475,-0.3253199, 0.1114821, 0.5210524, 0.7811806,-0.4925985, -0.008500678, 0.5327772, 0.6880573,-0.1069421, -0.01822807, -0.07547521, 0.9912288,-0.5823827, -0.02316504, -0.09368863, 0.8071656,0.9421623, -0.03535327, 0.08980159, -0.3209609,0.9952756, -0.06163515, 0.07426497, -0.01060197,-0.1047833, -0.09544573, -0.1522607, 0.9781243,-0.5690913, -0.005272888, -0.1779502, 0.8027708,0.9215561, -0.09550815, 0.1502407, -0.3450221,0.9819768, -0.1349124, 0.1161582, -0.06346205,-0.09925661, -0.1736893, -0.1787013, 0.9633514,-0.5381059, -0.04231451, -0.2283195, 0.8102603,0.9025927, -0.09455965, 0.212082, -0.3624997,0.9708543, -0.1566198, 0.1714367, -0.05934283,-0.05762357, -0.2468817, -0.2424057, 0.9364659,-0.4877316, -0.02751822, -0.2954674, 0.8210113,0.8627627, -0.1419706, 0.2605813, -0.409368,0.9491857, -0.2193579, 0.1998509, -0.1048244,1695797844311
0.04212225, 0.111093, 0.454111, 0.8829877,-0.09891219, 0.2502379, 0.4702831, 0.8404946,-0.3256489, 0.1116526, 0.5208828, 0.7811323,-0.4929494, -0.008328277, 0.5326498, 0.6879067,-0.1073479, -0.01845649, -0.07554683, 0.9911753,-0.5826609, -0.02348952, -0.09390599, 0.8069301,0.9422285, -0.03520769, 0.09016936, -0.3206795,0.9952512, -0.06161701, 0.07465547, -0.01024373,-0.1051723, -0.09570413, -0.1522984, 0.9780515,-0.5693634, -0.005613416, -0.1781637, 0.8025283,0.9216219, -0.09533595, 0.1506149, -0.3447308,0.9819669, -0.134877, 0.1165418, -0.06298632,-0.09963848, -0.1739562, -0.1787039, 0.9632634,-0.5382974, -0.04257608, -0.2284529, 0.8100818,0.9026299, -0.09440836, 0.2123452, -0.3622926,0.9708291, -0.1565732, 0.1717214, -0.05905528,-0.05798527, -0.2471725, -0.2423671, 0.9363769,-0.4879033, -0.02791052, -0.2956384, 0.8208345,0.8627717, -0.1417181, 0.2609541, -0.4091991,0.9491399, -0.2192429, 0.2002839, -0.1046536,1695797844329
0.04222319, 0.1112138, 0.4541399, 0.8829528,-0.09870109, 0.2504465, 0.4702998, 0.840448,-0.3254911, 0.1118099, 0.5209643, 0.7811211,-0.4928212, -0.008214968, 0.5327643, 0.6879113,-0.1073204, -0.01830349, -0.07549593, 0.991185,-0.5824912, -0.02339369, -0.09378143, 0.8070698,0.9421934, -0.03522, 0.09000985, -0.320826,0.9952626, -0.06157124, 0.0745064, -0.01049576,-0.1051545, -0.0955501, -0.1522513, 0.9780758,-0.5692068, -0.005538294, -0.1780472, 0.8026657,0.9215926, -0.09534286, 0.1504699, -0.3448704,0.9819775, -0.1348384, 0.1164048, -0.06315579,-0.09962258, -0.1738032, -0.1786612, 0.9633005,-0.5381488, -0.042503, -0.2283345, 0.8102177,0.9026155, -0.09441964, 0.2121982, -0.3624116,0.9708492, -0.1565267, 0.1715882, -0.05923391,-0.05797772, -0.2470198, -0.2423347, 0.936426,-0.4877574, -0.02784147, -0.2955274, 0.8209635,0.862758, -0.1417361, 0.2608112, -0.4093129,0.9491584, -0.2192021, 0.200155, -0.1048179,1695797844346
0.04207462, 0.1113699, 0.4541353, 0.8829426,-0.09864123, 0.2506122, 0.4702272, 0.8404462,-0.3254851, 0.1119544, 0.5209475, 0.7811142,-0.4928084, -0.008066261, 0.5327805, 0.6879097,-0.1075257, -0.01825031, -0.07546103, 0.9911664,-0.5825841, -0.02332968, -0.09369342, 0.8070149,0.9422537, -0.03522582, 0.08989924, -0.3206793,0.9952739, -0.06154167, 0.07439996, -0.01034499,-0.1053608, -0.09551332, -0.1522013, 0.978065,-0.5692745, -0.005530176, -0.1779755, 0.8026336,0.9216288, -0.09530856, 0.1504066, -0.3448109,0.981996, -0.1347892, 0.1163518, -0.06307141,-0.09982595, -0.1737727, -0.1785961, 0.9632971,-0.5381946, -0.04254144, -0.2282611, 0.8102059,0.9026565, -0.09435222, 0.212157, -0.3623511,0.9708681, -0.1564468, 0.171573, -0.05918021,-0.05817847, -0.2470031, -0.2422584, 0.9364377,-0.4877876, -0.02795052, -0.2954806, 0.8209587,0.8627899, -0.1416256, 0.2608299, -0.409272,0.9491673, -0.2190888, 0.2002252, -0.1048399,1695797844363
0.04229074, 0.1112735, 0.4540322, 0.8829975,-0.09832358, 0.2505517, 0.4701391, 0.8405508,-0.3252521, 0.1118913, 0.5208524, 0.7812837,-0.492654, -0.008133119, 0.5326732, 0.6881026,-0.1073103, -0.01820699, -0.07560662, 0.9911794,-0.5822808, -0.0231677, -0.09377778, 0.8072286,0.9421799, -0.03542065, 0.08986875, -0.3208833,0.9952667, -0.06171145, 0.07431496, -0.01063929,-0.1051603, -0.09545352, -0.1523621, 0.9780673,-0.5689633, -0.005439414, -0.1780889, 0.8028297,0.921523, -0.09546547, 0.150438, -0.3450365,0.9819543, -0.1349379, 0.1163487, -0.06340778,-0.09964029, -0.173708, -0.1787721, 0.9632953,-0.5378624, -0.04245004, -0.2283727, 0.8103999,0.9025295, -0.09451222, 0.2121875, -0.3626079,0.9708263, -0.1566019, 0.1715574, -0.05950031,-0.05801001, -0.2469307, -0.2424472, 0.9364184,-0.4874305, -0.02794584, -0.2956275, 0.8211181,0.862597, -0.1417207, 0.2609442, -0.4095728,0.9490765, -0.2192031, 0.2003163, -0.1052485,1695797844381
0.04254426, 0.1111681, 0.4538899, 0.8830717,-0.09808159, 0.2505023, 0.4700457, 0.840646,-0.3251131, 0.1118244, 0.5207587, 0.7814136,-0.492598, -0.008216062, 0.5325662, 0.6882245,-0.1070648, -0.0181476, -0.07579942, 0.9911923,-0.5819484, -0.02299622, -0.09390821, 0.807458,0.9421209, -0.03565811, 0.08986699, -0.3210307,0.9952554, -0.06192749, 0.07424664, -0.01091838,-0.1049345, -0.0953754, -0.1525719, 0.9780665,-0.5686056, -0.005337217, -0.1782457, 0.803049,0.9214182, -0.0956678, 0.1504915, -0.3452367,0.9819032, -0.1351309, 0.11636, -0.06376586,-0.09943375, -0.1736246, -0.178999, 0.9632896,-0.5375013, -0.04232057, -0.2285195, 0.8106048,0.9024069, -0.09473642, 0.2122197, -0.3628356,0.9707772, -0.1568116, 0.1715293, -0.05982941,-0.0578256, -0.2468397, -0.2426883, 0.9363914,-0.4870788, -0.02790683, -0.2958187, 0.8212593,0.8624199, -0.1418827, 0.2610685, -0.4098102,0.9489802, -0.2193844, 0.2003944, -0.1055892,1695797844398
0.04295494, 0.1110716, 0.4539552, 0.8830304,-0.09755668, 0.250439, 0.4701453, 0.8406702,-0.3247947, 0.1116164, 0.5208628, 0.7815063,-0.4922488, -0.008395788, 0.5326217, 0.6884292,-0.1066603, -0.01801686, -0.07576952, 0.9912406,-0.5817193, -0.02274314, -0.0937819, 0.807645,0.9421136, -0.03581112, 0.08960948, -0.3211069,0.9952706, -0.06198103, 0.07396383, -0.01114694,-0.1045413, -0.09521405, -0.1525746, 0.9781239,-0.5683085, -0.005102915, -0.178131, 0.8032863,0.9213594, -0.09582067, 0.1502501, -0.3454566,0.9818996, -0.1351877, 0.1161077, -0.06415991,-0.09904733, -0.1734536, -0.1790352, 0.9633535,-0.5372163, -0.04214817, -0.2284617, 0.810819,0.9023697, -0.09489004, 0.2120544, -0.3629845,0.9707796, -0.1568791, 0.1713481, -0.06013136,-0.05745496, -0.2466439, -0.2427599, 0.9364472,-0.4867998, -0.02772712, -0.2957715, 0.8214477,0.8623739, -0.1420567, 0.2609013, -0.4099531,0.9489713, -0.2194712, 0.2002048, -0.1058487,1695797844415
0.04316384, 0.1110356, 0.4540954, 0.8829526,-0.09731563, 0.2503623, 0.4703075, 0.8406302,-0.3246622, 0.1114246, 0.5210134, 0.7814883,-0.4920304, -0.008550637, 0.5327263, 0.6885024,-0.106445, -0.01794952, -0.07563329, 0.9912754,-0.5817713, -0.02261685, -0.09360226, 0.8076319,0.9421929, -0.03582231, 0.08938494, -0.3209357,0.9952922, -0.06191994, 0.0737484, -0.01098208,-0.1043236, -0.09513041, -0.1524573, 0.9781736,-0.5683188, -0.004986065, -0.1779619, 0.8033171,0.921401, -0.0958292, 0.1500402, -0.3454345,0.9819323, -0.1351339, 0.1159058, -0.06413721,-0.09882408, -0.1733644, -0.1789374, 0.9634106,-0.5372612, -0.04205677, -0.2283378, 0.8108289,0.902449, -0.09491653, 0.211891, -0.3628758,0.9708196, -0.1568498, 0.1711873, -0.06001953,-0.05723196, -0.2465368, -0.2426845, 0.9365086,-0.4868565, -0.02761566, -0.2956528, 0.8214606,0.8624762, -0.1421134, 0.2607239, -0.4098311,0.9490244, -0.2194599, 0.2000264, -0.1057334,1695797844432
0.04313259, 0.1110281, 0.4541251, 0.8829398,-0.09738729, 0.2503023, 0.4703439, 0.8406194,-0.3247682, 0.1113302, 0.5210376, 0.7814416,-0.4920319, -0.008577485, 0.5327298, 0.6884984,-0.106463, -0.0179753, -0.07560029, 0.9912755,-0.581896, -0.02238761, -0.0934803, 0.8075626,0.9422823, -0.03594619, 0.08914956, -0.3207248,0.9953108, -0.06196072, 0.07348906, -0.01080103,-0.1043369, -0.0951574, -0.1524231, 0.9781749,-0.5684006, -0.004910842, -0.1779039, 0.8032726,0.9214245, -0.09585057, 0.1499552, -0.3454026,0.9819466, -0.1351314, 0.1158163, -0.06408592,-0.09883387, -0.1733914, -0.178902, 0.9634113,-0.5373864, -0.04206471, -0.2283255, 0.810749,0.9025002, -0.09489916, 0.2118871, -0.3627554,0.9708318, -0.1568367, 0.1711848, -0.05986315,-0.05723733, -0.2465632, -0.2426477, 0.9365109,-0.4870072, -0.02760402, -0.2956377, 0.8213771,0.8625247, -0.1420956, 0.2607153, -0.4097408,0.9490369, -0.2194331, 0.2000318, -0.1056659,1695797844448
0.04268747, 0.1109627, 0.4540171, 0.8830252,-0.09798589, 0.2502558, 0.4701925, 0.8406485,-0.32526, 0.1113883, 0.5208662, 0.781343,-0.492505, -0.008494703, 0.5325756, 0.6882804,-0.1068203, -0.01825697, -0.07570844, 0.9912236,-0.5820652, -0.02253468, -0.09366608, 0.807415,0.9423165, -0.03592903, 0.08938821, -0.3205594,0.9952921, -0.06202096, 0.07371939, -0.01060485,-0.1046757, -0.0954649, -0.1525003, 0.9780967,-0.5685877, -0.005214829, -0.1781466, 0.8030845,0.9214364, -0.09571914, 0.1503371, -0.3452413,0.9819174, -0.1351272, 0.116207, -0.06383412,-0.09916685, -0.1737055, -0.1789468, 0.9633122,-0.5375774, -0.04233551, -0.2285197, 0.8105535,0.902486, -0.09475084, 0.2122164, -0.3626369,0.9707882, -0.1568204, 0.1715252, -0.05963784,-0.05754964, -0.2468979, -0.2426514, 0.9364026,-0.4872262, -0.02794408, -0.2958494, 0.8211595,0.8624784, -0.1418636, 0.2611177, -0.4096625,0.9489724, -0.2193544, 0.2004778, -0.1055633,1695797844466
0.0426063, 0.1105716, 0.4538679, 0.8831549,-0.09835543, 0.2498484, 0.4700869, 0.8407855,-0.3255146, 0.1111178, 0.520633, 0.781431,-0.4927937, -0.008722088, 0.5322874, 0.6882938,-0.1067112, -0.0186163, -0.07594822, 0.9912104,-0.5818115, -0.02265131, -0.09401152, 0.8075544,0.9422136, -0.03604062, 0.08973472, -0.3207526,0.9952539, -0.06223011, 0.07401797, -0.0108873,-0.1045531, -0.09581309, -0.1527431, 0.9780378,-0.5683515, -0.005491104, -0.178556, 0.8031589,0.9212914, -0.09572418, 0.1508287, -0.3454126,0.981827, -0.1352721, 0.1166784, -0.06405752,-0.09905069, -0.1740468, -0.1791911, 0.9632171,-0.5373285, -0.04255437, -0.2288885, 0.810603,0.9022883, -0.09476761, 0.2126497, -0.3628705,0.9706783, -0.1569844, 0.1719206, -0.05985703,-0.0574254, -0.2472316, -0.2428802, 0.9362628,-0.4869746, -0.02819492, -0.2962139, 0.8211688,0.8621936, -0.1418071, 0.2615882, -0.4099812,0.9488136, -0.2194666, 0.200928, -0.1059012,1695797844483
0.04231215, 0.1106142, 0.4537104, 0.8832446,-0.09887112, 0.2499485, 0.469936, 0.8407797,-0.3258433, 0.1113658, 0.5204918, 0.7813527,-0.4931542, -0.008493343, 0.5322048, 0.6881024,-0.1070042, -0.01872174, -0.07609738, 0.9911654,-0.5818262, -0.0226616, -0.09415702, 0.8075266,0.9422085, -0.03611632, 0.08985936, -0.3207242,0.9952397, -0.06233821, 0.07411505, -0.0108982,-0.1048457, -0.0959406, -0.1528669, 0.9779747,-0.5684346, -0.005666717, -0.1787656, 0.8030522,0.921274, -0.09568508, 0.151108, -0.3453476,0.9817937, -0.1353195, 0.1169525, -0.06396748,-0.09934759, -0.1741816, -0.1792887, 0.963144,-0.5374155, -0.04266478, -0.2290395, 0.8104969,0.9022397, -0.09472706, 0.2128524, -0.3628832,0.9706408, -0.1570232, 0.1721135, -0.05980896,-0.05771855, -0.2473889, -0.2429478, 0.9361857,-0.4870843, -0.02835581, -0.296379, 0.8210385,0.8621021, -0.1416954, 0.261853, -0.4100432,0.9487522, -0.2194566, 0.2012049, -0.105947,1695797844501
0.04211764, 0.1105281, 0.453647, 0.8832973,-0.09915704, 0.2499066, 0.4698531, 0.8408048,-0.3260464, 0.1114006, 0.5203894, 0.7813312,-0.4933985, -0.008475925, 0.5321122, 0.6879991,-0.1071333, -0.01889187, -0.07617409, 0.9911423,-0.5817698, -0.02280153, -0.09430072, 0.8075465,0.942163, -0.03608249, 0.09005881, -0.3208057,0.9952215, -0.06236526, 0.07431763, -0.01102999,-0.1049649, -0.09611955, -0.1529315, 0.9779342,-0.5684364, -0.005868201, -0.1789335, 0.8030121,0.9212217, -0.09559897, 0.1513687, -0.3453967,0.9817573, -0.1353113, 0.1172284, -0.06403928,-0.09946512, -0.1743621, -0.1793403, 0.9630896,-0.5374334, -0.04281707, -0.2291704, 0.81044,0.9021732, -0.09464713, 0.2130594, -0.3629478,0.9705998, -0.1570176, 0.1723306, -0.05986328,-0.05782613, -0.2475766, -0.2429804, 0.936121,-0.4871232, -0.02850999, -0.2965037, 0.8209652,0.8620152, -0.1415869, 0.2620695, -0.410125,0.9486998, -0.2194305, 0.2014386, -0.1060257,1695797844519
0.0422335, 0.1106224, 0.4535408, 0.8833345,-0.09916552, 0.2499901, 0.4698132, 0.8408012,-0.3260194, 0.1115147, 0.5203691, 0.7813398,-0.4934709, -0.008435158, 0.5321169, 0.687944,-0.1071001, -0.01874055, -0.07627878, 0.9911407,-0.581579, -0.02256717, -0.09428463, 0.8076924,0.9421119, -0.03626968, 0.08990762, -0.3209772,0.9952258, -0.06249275, 0.07411832, -0.01125222,-0.1049519, -0.09596673, -0.1530385, 0.9779339,-0.5683201, -0.005736476, -0.1789643, 0.8030885,0.9211786, -0.09572976, 0.1513174, -0.3454979,0.9817428, -0.1354171, 0.1171467, -0.06418667,-0.09946581, -0.1742108, -0.1794499, 0.9630965,-0.5373214, -0.04266319, -0.2291902, 0.8105167,0.9021117, -0.09477758, 0.2129917, -0.3631063,0.9705931, -0.1571247, 0.1722211, -0.06000688,-0.05784548, -0.2474309, -0.2430958, 0.9361283,-0.4870352, -0.02835297, -0.2965302, 0.8210132,0.8619329, -0.141709, 0.2620164, -0.4102897,0.9486818, -0.2195399, 0.2013362, -0.1061548,1695797844535
0.04169571, 0.1107717, 0.4536161, 0.8833026,-0.09988741, 0.2501751, 0.4698306, 0.840651,-0.3265017, 0.1118015, 0.5204121, 0.7810687,-0.4940341, -0.00828487, 0.5322215, 0.6874605,-0.1076172, -0.01890759, -0.07613531, 0.9910926,-0.5816609, -0.02286634, -0.09422401, 0.8076321,0.9421091, -0.03598107, 0.09003553, -0.320982,0.9952251, -0.0622613, 0.07432741, -0.01121875,-0.1054421, -0.0961729, -0.1528555, 0.9778895,-0.5684665, -0.006183209, -0.1789549, 0.8029836,0.921215, -0.09534337, 0.1515675, -0.3453982,0.9817525, -0.1351266, 0.1174899, -0.06402273,-0.09993362, -0.1744286, -0.1792268, 0.9630502,-0.53736, -0.04305694, -0.2290892, 0.8104989,0.9020871, -0.09436885, 0.2131439, -0.3631847,0.9705979, -0.1567948, 0.1724853, -0.06003298,-0.05828108, -0.2476735, -0.242833, 0.9361054,-0.4870788, -0.02889893, -0.2964806, 0.8209862,0.8618675, -0.1411728, 0.2623092, -0.4104247,0.9486703, -0.2191404, 0.2017756, -0.1062489,1695797844554
0.0414408, 0.111046, 0.4538468, 0.8831617,-0.1001585, 0.2504203, 0.4700183, 0.8404408,-0.3265922, 0.1120609, 0.5206437, 0.7808393,-0.4942052, -0.008188499, 0.532504, 0.6871198,-0.1079368, -0.01883343, -0.07581042, 0.9910841,-0.5816969, -0.02309263, -0.09392625, 0.8076344,0.9420668, -0.03560366, 0.08993214, -0.321177,0.9952474, -0.06188089, 0.07433818, -0.01127766,-0.1057439, -0.09612422, -0.1525104, 0.9779156,-0.5685199, -0.006411501, -0.1786511, 0.8030117,0.9212429, -0.09496987, 0.1514531, -0.3454768,0.9818055, -0.1347424, 0.1174811, -0.0640358,-0.1002102, -0.1743885, -0.1788621, 0.9630965,-0.5372548, -0.04329477, -0.2287349, 0.8106561,0.9020504, -0.09394918, 0.2129968, -0.3634708,0.9706508, -0.1563429, 0.1724848, -0.0603571,-0.058535, -0.2476445, -0.2424587, 0.9361942,-0.4869397, -0.02927489, -0.2961784, 0.8211645,0.8618038, -0.1406618, 0.262284, -0.41075,0.9487125, -0.218642, 0.2019266, -0.1066115,1695797844572
0.0415295, 0.1111356, 0.4540598, 0.8830367,-0.09992719, 0.2505514, 0.4701973, 0.8403291,-0.326277, 0.1121794, 0.5208429, 0.7808213,-0.4940195, -0.00821524, 0.5327232, 0.6870831,-0.1078758, -0.01873082, -0.07556163, 0.9911117,-0.5814728, -0.0232937, -0.09371986, 0.807814,0.9419776, -0.03531723, 0.08988161, -0.3214843,0.9952591, -0.06159673, 0.07437642, -0.01154748,-0.1056749, -0.09601762, -0.1522702, 0.977971,-0.5683381, -0.006507625, -0.1784041, 0.8031945,0.9212145, -0.09476019, 0.1512973, -0.3456783,0.9818323, -0.1344886, 0.1174018, -0.06430379,-0.1001268, -0.1742807, -0.1786312, 0.9631675,-0.5370022, -0.04336801, -0.2284658, 0.8108953,0.9020041, -0.09375165, 0.2128098, -0.3637461,0.9706874, -0.1560787, 0.1723857, -0.06073304,-0.05844378, -0.2475258, -0.2422444, 0.9362868,-0.4866384, -0.02938984, -0.2959234, 0.8214309,0.8617473, -0.1404533, 0.2621208, -0.411044,0.9487481, -0.2183782, 0.2018548, -0.1069703,1695797844589
0.0417018, 0.1111049, 0.4543993, 0.8828578,-0.09951968, 0.2505546, 0.4704798, 0.8402184,-0.3258593, 0.1121021, 0.521116, 0.7808245,-0.493697, -0.00841709, 0.5329708, 0.6871204,-0.1076639, -0.01869741, -0.07520204, 0.9911627,-0.5812567, -0.02362598, -0.09347627, 0.807988,0.9419077, -0.03490675, 0.08987502, -0.3217357,0.9952721, -0.06121117, 0.0744929, -0.01172148,-0.1054423, -0.09596795, -0.1519318, 0.9780536,-0.5681422, -0.006665503, -0.1780952, 0.8034003,0.9212141, -0.09447628, 0.1511177, -0.3458357,0.9818756, -0.1341616, 0.1173157, -0.06448209,-0.09987056, -0.1742243, -0.178315, 0.963263,-0.536756, -0.04348758, -0.2281481, 0.8111414,0.9019976, -0.09350633, 0.2126012, -0.3639473,0.9707403, -0.1557675, 0.1722766, -0.06099721,-0.05817047, -0.2474424, -0.2419557, 0.9364005,-0.4863286, -0.02958032, -0.2956341, 0.8217116,0.8617362, -0.140191, 0.2619561, -0.4112618,0.9488015, -0.218063, 0.2017994, -0.1072433,1695797844605
0.04161532, 0.1111049, 0.4545932, 0.8827621,-0.09949553, 0.2506354, 0.4706063, 0.8401263,-0.3256988, 0.1122199, 0.5212438, 0.7807893,-0.4936254, -0.008403025, 0.5331208, 0.6870557,-0.1077073, -0.01876179, -0.07498278, 0.9911734,-0.5811005, -0.02403321, -0.09340233, 0.8080969,0.9418563, -0.03453561, 0.09004933, -0.3218774,0.9952685, -0.06091889, 0.0747695, -0.01179313,-0.1054649, -0.09603525, -0.1517114, 0.9780787,-0.5680869, -0.006968506, -0.1779836, 0.8034616,0.9212648, -0.09419002, 0.1511785, -0.3457521,0.9819025, -0.1339099, 0.1174515, -0.06434829,-0.09987389, -0.1742911, -0.1780938, 0.9632914,-0.5366603, -0.04368272, -0.2279773, 0.8112422,0.9020388, -0.09328549, 0.2125551, -0.3639288,0.9707767, -0.1555522, 0.1722944, -0.06091672,-0.05815368, -0.2475022, -0.2417353, 0.9364427,-0.4861653, -0.02988239, -0.2954962, 0.8218469,0.8617705, -0.1399235, 0.2619778, -0.4112673,0.9488401, -0.2178257, 0.2018983, -0.1071979,1695797844624
0.04195849, 0.1108565, 0.4548765, 0.8826311,-0.0990713, 0.2504421, 0.4708899, 0.8400752,-0.3253118, 0.111933, 0.5214687, 0.7808416,-0.493281, -0.008749475, 0.5332748, 0.6871792,-0.1072491, -0.01881594, -0.07473884, 0.9912405,-0.5806451, -0.02419417, -0.09323223, 0.808439,0.941766, -0.0343289, 0.08999518, -0.322179,0.9952766, -0.06070494, 0.07478313, -0.01211686,-0.1049878, -0.09605327, -0.1515058, 0.9781602,-0.5677088, -0.007037936, -0.1777915, 0.8037707,0.9212414, -0.09407525, 0.1510271, -0.3459118,0.9819226, -0.1337493, 0.1173476, -0.06456579,-0.0993814, -0.1742948, -0.1779271, 0.9633725,-0.5363178, -0.0437547, -0.2278203, 0.8115088,0.9020339, -0.09321063, 0.2124343, -0.3640307,0.9708035, -0.1554414, 0.172205, -0.06102468,-0.05765038, -0.2474645, -0.2416062, 0.9365171,-0.4857426, -0.02995274, -0.295332, 0.8221532,0.8617615, -0.1398825, 0.2618225, -0.4113988,0.9488763, -0.2177393, 0.2017616, -0.1073106,1695797844639
0.04203445, 0.1107522, 0.4551085, 0.882521,-0.09896315, 0.2503946, 0.4710966, 0.8399862,-0.3251667, 0.1118419, 0.521652, 0.7807927,-0.4931398, -0.008888368, 0.5334327, 0.6871563,-0.1070969, -0.0188856, -0.0745076, 0.991273,-0.580427, -0.02439081, -0.09307555, 0.8086078,0.9417625, -0.03409918, 0.08997341, -0.3222196,0.9952861, -0.06048049, 0.07483368, -0.01214872,-0.1048146, -0.09611055, -0.1512887, 0.9782067,-0.5675833, -0.007157763, -0.1776145, 0.8038974,0.9213186, -0.0939246, 0.1509182, -0.3457946,0.9819625, -0.1335735, 0.1172871, -0.06443202,-0.09918993, -0.1743461, -0.1777247, 0.9634203,-0.5362333, -0.04388039, -0.2276628, 0.8116021,0.9021265, -0.09308155, 0.212348, -0.3638846,0.970847, -0.1552963, 0.1721596, -0.06083072,-0.05744159, -0.247495, -0.2414186, 0.9365702,-0.4856047, -0.03007324, -0.2951652, 0.8222902,0.8618711, -0.1397834, 0.2617012, -0.4112802,0.9489459, -0.2176151, 0.2016695, -0.1071197,1695797844657
0.04220725, 0.1104986, 0.4552596, 0.8824666,-0.09876441, 0.2501727, 0.4712426, 0.8399938,-0.3249829, 0.111585, 0.5217325, 0.7808521,-0.4930066, -0.009181915, 0.5334526, 0.6872325,-0.1067992, -0.01902218, -0.0744014, 0.9913105,-0.5801129, -0.02446681, -0.09302048, 0.8088371,0.9417552, -0.0340376, 0.08996041, -0.3222509,0.9952887, -0.06041638, 0.0748418, -0.01220127,-0.1044995, -0.09622289, -0.151206, 0.9782422,-0.5673317, -0.007215891, -0.1775629, 0.8040859,0.9213497, -0.09390569, 0.1508721, -0.345737,0.9819733, -0.1335378, 0.1172532, -0.06440292,-0.09886526, -0.174448, -0.1776655, 0.9634461,-0.5360381, -0.04398051, -0.2276534, 0.8117283,0.9021721, -0.09307246, 0.2123626, -0.3637651,0.9708546, -0.1552977, 0.1721713, -0.06067187,-0.05710597, -0.2475694, -0.2413778, 0.9365816,-0.4853432, -0.03018176, -0.2951485, 0.8224466,0.8619035, -0.1397872, 0.2616928, -0.4112162,0.9489614, -0.2176265, 0.2016489, -0.1069991,1695797844674
0.04198645, 0.1102967, 0.4552205, 0.8825226,-0.09891637, 0.2500034, 0.4711341, 0.8400872,-0.3251977, 0.1114231, 0.5215879, 0.7808825,-0.4931968, -0.009286902, 0.5332755, 0.6872321,-0.1068876, -0.01930641, -0.07447327, 0.9912901,-0.5800864, -0.0246263, -0.09318787, 0.8088321,0.9417493, -0.03401002, 0.09018732, -0.3222077,0.9952695, -0.06045993, 0.07506683, -0.01217628,-0.1045681, -0.09651194, -0.1512682, 0.9781967,-0.5672809, -0.00739069, -0.1777296, 0.8040833,0.9213408, -0.09386997, 0.1510988, -0.3456714,0.9819487, -0.1335744, 0.1174746, -0.06429917,-0.09892822, -0.174736, -0.1777169, 0.963378,-0.5359828, -0.04423465, -0.2278317, 0.8117009,0.9021387, -0.09298059, 0.2126467, -0.3637058,0.9708025, -0.1552958, 0.1724738, -0.06065087,-0.05715117, -0.2478586, -0.2414081, 0.9364945,-0.4852675, -0.03050881, -0.2953402, 0.8224104,0.8618397, -0.1396351, 0.2620279, -0.4111883,0.9488863, -0.2175818, 0.2020267, -0.107043,1695797844692
0.04186695, 0.110301, 0.4553318, 0.8824703,-0.0989079, 0.2500463, 0.47118, 0.8400497,-0.3252195, 0.1114249, 0.5216495, 0.780832,-0.4932336, -0.00931997, 0.5333356, 0.6871586,-0.1069734, -0.01937691, -0.07434253, 0.9912893,-0.5800346, -0.02474141, -0.09309028, 0.8088769,0.9417837, -0.03387377, 0.09016932, -0.3221267,0.9952766, -0.06032357, 0.07509331, -0.01210583,-0.1046385, -0.0965886, -0.151132, 0.9782027,-0.5672123, -0.007485448, -0.1776186, 0.8041553,0.9213905, -0.09375801, 0.1510425, -0.3455939,0.9819728, -0.1334491, 0.1174552, -0.06422626,-0.09898528, -0.1748136, -0.1775751, 0.9633843,-0.5359259, -0.04440089, -0.227738, 0.8117557,0.9021891, -0.09282921, 0.212647, -0.363619,0.9708202, -0.1551442, 0.1725291, -0.06059799,-0.05719267, -0.2479351, -0.2412611, 0.9365096,-0.4851994, -0.03072616, -0.2952629, 0.8224702,0.8618949, -0.1394616, 0.2620587, -0.4111118,0.9489096, -0.2174205, 0.2021203, -0.1069869,1695797844709
0.04142659, 0.1103207, 0.4552169, 0.8825479,-0.09943105, 0.250172, 0.4710011, 0.8400508,-0.3256256, 0.1116599, 0.521498, 0.7807303,-0.4937048, -0.009133405, 0.5332398, 0.686897,-0.1073711, -0.01958352, -0.07444112, 0.9912348,-0.5800861, -0.02505458, -0.09331096, 0.808805,0.9418, -0.03375135, 0.09052907, -0.3219909,0.9952498, -0.06032012, 0.07547285, -0.0119642,-0.1050232, -0.09682473, -0.151197, 0.9781281,-0.567315, -0.007808478, -0.1778335, 0.8040323,0.9214467, -0.09362971, 0.1513909, -0.3453262,0.9819551, -0.133438, 0.1178136, -0.06386304,-0.09936573, -0.1750584, -0.1776055, 0.963295,-0.5360014, -0.04466209, -0.2278785, 0.8116521,0.9022158, -0.09270778, 0.2129051, -0.3634328,0.9707918, -0.1551248, 0.1727993, -0.06033159,-0.05755651, -0.2482049, -0.241251, 0.9364185,-0.4852771, -0.03109568, -0.2954327, 0.8223495,0.8619078, -0.13926, 0.2624005, -0.410935,0.9488757, -0.2173638, 0.2024855, -0.1067121,1695797844728
0.04128546, 0.110219, 0.4551939, 0.8825791,-0.09982842, 0.2501008, 0.4710042, 0.8400232,-0.3259246, 0.111641, 0.5214707, 0.7806265,-0.4939557, -0.009132407, 0.5332091, 0.6867405,-0.1074413, -0.01974229, -0.07447926, 0.9912212,-0.5799777, -0.025432, -0.09351312, 0.8088475,0.9417216, -0.03355712, 0.0909143, -0.322132,0.9952196, -0.06025754, 0.07589809, -0.01210023,-0.105082, -0.0969878, -0.1512282, 0.9781008,-0.5672965, -0.008048808, -0.1779814, 0.8040103,0.9214426, -0.09352463, 0.151642, -0.3452554,0.9819387, -0.1334248, 0.1180677, -0.06367372,-0.09942105, -0.1752215, -0.1776289, 0.9632553,-0.5360056, -0.04480323, -0.2279759, 0.8116142,0.9021972, -0.09264672, 0.2130656, -0.3634004,0.970771, -0.1551376, 0.1729528, -0.06019335,-0.05760136, -0.2483699, -0.2412613, 0.9363693,-0.4852957, -0.03119364, -0.2955044, 0.822309,0.861912, -0.1392261, 0.2625109, -0.4108672,0.9488741, -0.2173992, 0.2025672, -0.1064997,1695797844745
0.0409935, 0.1104267, 0.455011, 0.882661,-0.1002765, 0.2503552, 0.4708256, 0.8399941,-0.3262181, 0.1120211, 0.52135, 0.7805301,-0.4942463, -0.008755498, 0.5331771, 0.686561,-0.1078205, -0.01970478, -0.07462309, 0.9911699,-0.5801414, -0.02558008, -0.0936931, 0.8087047,0.9417049, -0.03352198, 0.09115379, -0.3221168,0.9951991, -0.06029929, 0.07613628, -0.01208614,-0.1054723, -0.09698013, -0.151341, 0.9780421,-0.5675089, -0.008098465, -0.1781137, 0.8038305,0.9214658, -0.09353548, 0.1517932, -0.3451243,0.9819297, -0.1334919, 0.1181947, -0.06343471,-0.09981937, -0.1752253, -0.1777103, 0.9631984,-0.5362383, -0.04478996, -0.228056, 0.8114387,0.9022059, -0.09265438, 0.2131451, -0.3633302,0.9707615, -0.1551826, 0.1730146, -0.06005348,-0.05800424, -0.2484056, -0.241313, 0.9363216,-0.4855725, -0.03109586, -0.2955462, 0.8221343,0.861953, -0.1392725, 0.2625218, -0.4107584,0.948885, -0.2174613, 0.2025465, -0.1063142,1695797844763
0.04086262, 0.1108284, 0.4546789, 0.8827879,-0.1004037, 0.2507755, 0.4705175, 0.8400262,-0.3263589, 0.1125032, 0.52117, 0.7805221,-0.4943853, -0.008247972, 0.5331107, 0.6865188,-0.108186, -0.01940363, -0.07490177, 0.991115,-0.5803314, -0.02530931, -0.09381326, 0.8085629,0.9417172, -0.03379521, 0.09110089, -0.3220671,0.9951952, -0.0605416, 0.07600134, -0.01204475,-0.1058806, -0.09670969, -0.1515899, 0.9779862,-0.5677302, -0.00779729, -0.1782135, 0.8036551,0.9214827, -0.09381102, 0.1517245, -0.3450344,0.9819183, -0.1337326, 0.1180526, -0.0633691,-0.1002555, -0.17497, -0.1779295, 0.9631591,-0.5364661, -0.04449335, -0.2281353, 0.8112822,0.9022183, -0.09289299, 0.213064, -0.363286,0.9707574, -0.1553777, 0.1728674, -0.06003942,-0.05847334, -0.2481932, -0.241511, 0.9362977,-0.4858366, -0.03075816, -0.2956143, 0.8219665,0.8619803, -0.139528, 0.2624229, -0.4106775,0.9488817, -0.2176653, 0.2023751, -0.106253,1695797844780
0.04086649, 0.1109023, 0.4543357, 0.8829551,-0.1004698, 0.2509223, 0.470216, 0.8401433,-0.326434, 0.1127405, 0.5209171, 0.7806252,-0.4945366, -0.008002248, 0.5329174, 0.6865628,-0.1082723, -0.01930659, -0.07526663, 0.9910799,-0.580209, -0.0251732, -0.09411614, 0.8086198,0.9416338, -0.03407705, 0.09127044, -0.3222331,0.9951667, -0.0608558, 0.07607963, -0.01231332,-0.1059999, -0.09662008, -0.1519441, 0.9779272,-0.5676473, -0.007657491, -0.1785098, 0.8036493,0.9213848, -0.0940818, 0.151898, -0.3451459,0.9818501, -0.1340296, 0.1181543, -0.06360775,-0.1004047, -0.1748854, -0.1782726, 0.9630954,-0.536372, -0.04431017, -0.2283936, 0.8112817,0.9020862, -0.09315855, 0.2131866, -0.3634741,0.9706892, -0.1556622, 0.1729056, -0.06029458,-0.05865213, -0.2481308, -0.2418412, 0.9362178,-0.4857615, -0.03055005, -0.2958592, 0.8219305,0.8618172, -0.1397857, 0.2625374, -0.4108591,0.9487859, -0.2179446, 0.2024009, -0.1064862,1695797844797
0.04107216, 0.1109734, 0.4541162, 0.8830495,-0.1003565, 0.2510057, 0.4700776, 0.8402094,-0.3263369, 0.1128628, 0.5208059, 0.7807224,-0.4944733, -0.007865231, 0.5328367, 0.6866726,-0.1081689, -0.01911636, -0.07550648, 0.9910766,-0.5800444, -0.0249485, -0.09425522, 0.8087286,0.9415485, -0.03433669, 0.09125494, -0.3224592,0.9951548, -0.06108895, 0.07599088, -0.01266852,-0.1059297, -0.09642318, -0.1521903, 0.9779159,-0.5675336, -0.00742901, -0.1786505, 0.8037004,0.9212911, -0.09433732, 0.1518936, -0.3453281,0.9818066, -0.1342606, 0.1180901, -0.06391141,-0.1003605, -0.1746891, -0.1785253, 0.9630889,-0.5362844, -0.04402952, -0.2285222, 0.8113187,0.9019911, -0.0934368, 0.2131444, -0.3636633,0.9706557, -0.1559045, 0.1727853, -0.06055107,-0.05863982, -0.2479416, -0.2421023, 0.9362013,-0.4857174, -0.03014581, -0.2959457, 0.8219404,0.8617353, -0.140137, 0.2624009, -0.4109984,0.9487548, -0.2182334, 0.2021554, -0.1066377,1695797844814
0.04124026, 0.1109719, 0.4539323, 0.8831365,-0.1001694, 0.251047, 0.4699308, 0.8403015,-0.3263237, 0.1128482, 0.5206965, 0.780803,-0.4944542, -0.007835655, 0.5327271, 0.6867718,-0.1080546, -0.0190108, -0.07571968, 0.9910749,-0.5799883, -0.02474096, -0.09439344, 0.8087592,0.9415607, -0.03459731, 0.09124288, -0.3223992,0.9951462, -0.06132443, 0.07590488, -0.01271747,-0.1058397, -0.09630948, -0.1524104, 0.9779026,-0.567515, -0.007210111, -0.1787889, 0.8036848,0.9212707, -0.09459788, 0.1518839, -0.3453155,0.9817796, -0.1345002, 0.1180133, -0.06396306,-0.1002916, -0.1745744, -0.1787524, 0.9630747,-0.5363565, -0.04378193, -0.2286756, 0.8112412,0.9020138, -0.09373201, 0.2131283, -0.3635404,0.9706385, -0.1561795, 0.172677, -0.06042774,-0.05859502, -0.2478301, -0.2423356, 0.9361732,-0.4858304, -0.02979441, -0.2960659, 0.8218431,0.8618065, -0.1405159, 0.2622937, -0.4107882,0.9487585, -0.2185661, 0.2019197, -0.1063703,1695797844831
0.04157794, 0.1109873, 0.4538229, 0.8831748,-0.09983826, 0.2510596, 0.4698962, 0.8403564,-0.3262227, 0.1127348, 0.5206959, 0.7808619,-0.4943458, -0.007927936, 0.5327012, 0.6868688,-0.1077951, -0.01880782, -0.07585634, 0.9910965,-0.5800088, -0.0244718, -0.09443463, 0.8087478,0.9416472, -0.03486203, 0.09111206, -0.3221551,0.9951527, -0.0615374, 0.07569622, -0.01242911,-0.1056084, -0.09608775, -0.1525669, 0.977925,-0.5675508, -0.006884745, -0.1788171, 0.8036561,0.9213235, -0.09490002, 0.1517133, -0.3451666,0.9817889, -0.1347435, 0.1177588, -0.06377739,-0.1000805, -0.1743486, -0.1789293, 0.9631047,-0.5364627, -0.04342121, -0.2287357, 0.8111734,0.9021108, -0.09409124, 0.2129607, -0.3633054,0.9706608, -0.1564804, 0.1723929, -0.06010169,-0.05841312, -0.2475975, -0.2425358, 0.9361943,-0.4859545, -0.02933602, -0.2961009, 0.8217736,0.8619606, -0.1409732, 0.2620361, -0.4104725,0.9488103, -0.218932, 0.2015072, -0.1059367,1695797844848
0.04167767, 0.1110923, 0.4538447, 0.8831457,-0.09976992, 0.2510812, 0.4699579, 0.8403236,-0.3263385, 0.1126116, 0.5207886, 0.7807695,-0.4943435, -0.00799576, 0.5327647, 0.6868205,-0.1077616, -0.0186682, -0.07581651, 0.9911059,-0.5802405, -0.02421922, -0.09429092, 0.808606,0.9417814, -0.03499223, 0.09084544, -0.3218236,0.9951769, -0.06157841, 0.07540191, -0.01206623,-0.1055842, -0.09594654, -0.1525312, 0.9779471,-0.5677564, -0.006636531, -0.1786799, 0.8035435,0.921415, -0.0950214, 0.1514644, -0.3449983,0.9818317, -0.1347949, 0.1174771, -0.0635289,-0.1000587, -0.1742082, -0.1788981, 0.9631382,-0.5367165, -0.04323824, -0.2286553, 0.811038,0.9022405, -0.09419485, 0.2127912, -0.3630555,0.9707091, -0.1565369, 0.1721888, -0.05975793,-0.05839952, -0.247457, -0.2425144, 0.9362379,-0.4862467, -0.02903163, -0.2959841, 0.8216537,0.8621619, -0.1411771, 0.2617603, -0.4101553,0.9489022, -0.2190447, 0.2011688, -0.105523,1695797844865
0.04171202, 0.111218, 0.4538569, 0.883122,-0.09973541, 0.2511502, 0.4699893, 0.8402895,-0.3264778, 0.112548, 0.520864, 0.7806702,-0.4943228, -0.007970838, 0.5328254, 0.6867886,-0.107795, -0.01854497, -0.07577946, 0.9911073,-0.5805118, -0.02394872, -0.09413979, 0.8084369,0.9419032, -0.03512454, 0.09056549, -0.3215314,0.9952008, -0.06161198, 0.07509863, -0.01181475,-0.1056254, -0.09582682, -0.1524928, 0.9779603,-0.5679885, -0.006401254, -0.1785454, 0.8034112,0.921472, -0.09511371, 0.1512376, -0.3449202,0.9818673, -0.1348243, 0.1172256, -0.06338185,-0.1001012, -0.1740909, -0.1788589, 0.9631623,-0.5370418, -0.04307365, -0.2285813, 0.8108523,0.9023575, -0.09426176, 0.2126487, -0.3628308,0.9707512, -0.156561, 0.1720273, -0.05947624,-0.05844785, -0.2473437, -0.2424794, 0.9362738,-0.4866464, -0.02873246, -0.2958734, 0.8214673,0.8623686, -0.1413502, 0.2615086, -0.4098215,0.9489892, -0.2191274, 0.2008727, -0.1051327,1695797844882
0.04239533, 0.1111272, 0.4539245, 0.8830662,-0.09881723, 0.2510094, 0.4701233, 0.8403651,-0.3259763, 0.1121353, 0.521006, 0.7808443,-0.4936748, -0.008250874, 0.532873, 0.6872143,-0.1071639, -0.01826468, -0.07576126, 0.9911824,-0.580488, -0.02339866, -0.09392635, 0.8084949,0.9419828, -0.03546693, 0.09006527, -0.3214012,0.9952342, -0.0617714, 0.07452483, -0.01179891,-0.1050204, -0.09549935, -0.1525257, 0.9780524,-0.5678908, -0.005838949, -0.1783428, 0.8035296,0.9214507, -0.0954617, 0.1507559, -0.3450919,0.9818924, -0.1350103, 0.1166725, -0.06361614,-0.09951158, -0.1737496, -0.1789444, 0.9632691,-0.5370494, -0.0426009, -0.2285054, 0.8108935,0.9024493, -0.09464425, 0.2123017, -0.3627062,0.9707949, -0.1568028, 0.171588, -0.05939462,-0.05789033, -0.2469668, -0.2426227, 0.9363708,-0.4867015, -0.02808689, -0.2957582, 0.8214986,0.862559, -0.1419025, 0.2610086, -0.4095487,0.9490766, -0.2194796, 0.2002261, -0.1048419,1695797844901
0.04275669, 0.111061, 0.4539767, 0.8830303,-0.09819957, 0.2508947, 0.4701796, 0.8404403,-0.3256683, 0.1118326, 0.5210666, 0.7809758,-0.4932011, -0.008401897, 0.5328662, 0.6875578,-0.1068183, -0.01813336, -0.07573701, 0.9912239,-0.5807317, -0.02299086, -0.09377137, 0.8083495,0.9421323, -0.03571893, 0.08969843, -0.3210376,0.9952622, -0.06189189, 0.07410157, -0.01146885,-0.1046863, -0.09534203, -0.1525295, 0.978103,-0.5680245, -0.005443807, -0.1782014, 0.8034692,0.9214891, -0.09569224, 0.1504273, -0.3450689,0.9819273, -0.1351447, 0.1162811, -0.06350864,-0.09918402, -0.1735843, -0.178977, 0.9633266,-0.537287, -0.04230113, -0.2284735, 0.8107609,0.9025886, -0.09488408, 0.2121003, -0.3624145,0.9708349, -0.1569664, 0.1713216, -0.05907654,-0.05757778, -0.2467809, -0.2426863, 0.9364226,-0.4869773, -0.02766272, -0.2956967, 0.8213716,0.86278, -0.1422602, 0.2606987, -0.4091562,0.9491529, -0.2197082, 0.1998251, -0.1044369,1695797844917
0.04275849, 0.1111283, 0.4541045, 0.882956,-0.09814587, 0.25088, 0.4702982, 0.8403846,-0.3257161, 0.1117093, 0.521193, 0.7808892,-0.4930111, -0.008382227, 0.5329642, 0.6876183,-0.1068319, -0.01808767, -0.07558207, 0.9912351,-0.5811936, -0.02275688, -0.09353434, 0.8080516,0.942349, -0.03577562, 0.08936808, -0.320487,0.9952964, -0.06184224, 0.07377049, -0.01088596,-0.104693, -0.09529775, -0.1523758, 0.9781305,-0.5684472, -0.005229675, -0.177981, 0.8032205,0.9216593, -0.09572821, 0.1501356, -0.3447311,0.9820011, -0.1351106, 0.1159729, -0.06300112,-0.09918056, -0.1735405, -0.1788249, 0.9633632,-0.5378036, -0.04219226, -0.2283441, 0.8104604,0.9028481, -0.09490304, 0.2119307, -0.3618619,0.9709134, -0.1569501, 0.171137, -0.05836118,-0.0575671, -0.2467333, -0.24254, 0.9364737,-0.4875161, -0.02742403, -0.2955244, 0.821122,0.8631294, -0.1423887, 0.2604077, -0.4085594,0.9492937, -0.2197456, 0.1994959, -0.1037055,1695797844934
0.04270821, 0.1112684, 0.4539638, 0.8830132,-0.09820013, 0.250904, 0.4701821, 0.840436,-0.3257332, 0.1117971, 0.521081, 0.7809442,-0.4927795, -0.00806949, 0.5328779, 0.6878549,-0.106967, -0.01798271, -0.0757065, 0.991213,-0.5817372, -0.02243364, -0.09354491, 0.8076683,0.9425181, -0.03603078, 0.08919473, -0.3200089,0.9953088, -0.0620352, 0.07352246, -0.01031782,-0.1048449, -0.09520409, -0.1524888, 0.9781058,-0.5689647, -0.004917677, -0.1780008, 0.8028516,0.9217886, -0.09595758, 0.1500021, -0.3443797,0.9820389, -0.1353207, 0.1157445, -0.06237957,-0.09934411, -0.1734524, -0.1789266, 0.9633433,-0.5384266, -0.04192629, -0.2284226, 0.8100383,0.9030486, -0.09512389, 0.2118634, -0.3613426,0.9709523, -0.1571759, 0.1709691, -0.0575925,-0.05774381, -0.2466617, -0.2426329, 0.9364576,-0.4881743, -0.02695816, -0.2955264, 0.8207456,0.8634086, -0.1427403, 0.2601689, -0.4079987,0.9493859, -0.2200226, 0.1991298, -0.102975,1695797844951
0.04244408, 0.1112672, 0.4540826, 0.8829649,-0.09850837, 0.2507484, 0.4702699, 0.8403973,-0.3259565, 0.1116651, 0.5211136, 0.7808482,-0.4927607, -0.008039106, 0.5328826, 0.6878651,-0.1071706, -0.01813548, -0.07556067, 0.9911994,-0.582267, -0.02252669, -0.0934636, 0.8072931,0.9426471, -0.03588415, 0.08919206, -0.319646,0.9953194, -0.06190333, 0.07355864, -0.009820661,-0.1050243, -0.09537163, -0.152328, 0.9780952,-0.5694286, -0.004962104, -0.1778986, 0.802545,0.921887, -0.09581412, 0.1499739, -0.3441682,0.982087, -0.1352036, 0.115726, -0.06190803,-0.09950485, -0.173623, -0.1787504, 0.9633287,-0.5389503, -0.04205014, -0.2283717, 0.8096979,0.9031914, -0.09493716, 0.211917, -0.3610034,0.9709916, -0.1570484, 0.1710487, -0.05703898,-0.05787958, -0.2468365, -0.24244, 0.9364532,-0.4887207, -0.02688625, -0.2953885, 0.8204723,0.8636326, -0.1426739, 0.2600411, -0.4076292,0.9494845, -0.2199336, 0.1990137, -0.1024787,1695797844970
0.04249088, 0.1113981, 0.4539906, 0.8829935,-0.09858669, 0.2507263, 0.4702486, 0.8404066,-0.3260302, 0.1116524, 0.5210865, 0.7808373,-0.4926834, -0.00793163, 0.5328551, 0.687943,-0.1072119, -0.01799137, -0.07563841, 0.9911916,-0.5826828, -0.02221083, -0.09342279, 0.8070066,0.9427161, -0.03608891, 0.08898724, -0.3194766,0.9953326, -0.06203773, 0.07329706, -0.009587958,-0.1050831, -0.09523179, -0.1524025, 0.9780909,-0.5697768, -0.004686004, -0.1778758, 0.8023046,0.9218957, -0.09596686, 0.1498403, -0.3441608,0.9821082, -0.1353392, 0.1155208, -0.06165855,-0.09957418, -0.1734865, -0.178822, 0.9633328,-0.5393859, -0.04178882, -0.2283918, 0.8094157,0.9032599, -0.09508735, 0.2118195, -0.3608497,0.9710189, -0.1571929, 0.1708786, -0.05668534,-0.05796375, -0.2467094, -0.2425126, 0.9364626,-0.4892277, -0.02644658, -0.2953507, 0.820198,0.8637854, -0.1429445, 0.2598044, -0.4073613,0.9495521, -0.2201327, 0.1986782, -0.1020754,1695797844987
0.04258068, 0.1112559, 0.4540561, 0.8829734,-0.09876666, 0.2504664, 0.4703935, 0.8403819,-0.3261094, 0.1114207, 0.5211419, 0.7808003,-0.4926892, -0.008120974, 0.5328579, 0.6879345,-0.1070539, -0.01806992, -0.07559992, 0.9912102,-0.5828242, -0.02212874, -0.09338532, 0.8069111,0.9427245, -0.03611974, 0.08891492, -0.3194685,0.9953381, -0.06204554, 0.07321782, -0.009563074,-0.1049165, -0.09529744, -0.1523763, 0.9781066,-0.5698661, -0.004694021, -0.1778806, 0.80224,0.9218515, -0.09592728, 0.1498716, -0.3442765,0.9821085, -0.1353273, 0.1155425, -0.0616384,-0.09940367, -0.1735466, -0.1788079, 0.9633422,-0.5395446, -0.04176499, -0.2284187, 0.8093035,0.9032577, -0.09508158, 0.2118465, -0.3608408,0.9710249, -0.1572286, 0.1708759, -0.05649177,-0.05778817, -0.2467554, -0.2425075, 0.9364627,-0.4894323, -0.0263083, -0.2953383, 0.8200849,0.8638241, -0.143009, 0.2597407, -0.4072973,0.9495826, -0.2202019, 0.1985647, -0.1018632,1695797845004
0.04268145, 0.1111691, 0.4540691, 0.8829728,-0.09897729, 0.2502642, 0.4705051, 0.8403549,-0.326207, 0.1112607, 0.5211797, 0.7807572,-0.4927388, -0.008257608, 0.5328593, 0.6878963,-0.1069229, -0.01809079, -0.07560869, 0.9912233,-0.5830444, -0.02208574, -0.09341096, 0.8067502,0.9427783, -0.03616067, 0.08891454, -0.3193049,0.9953393, -0.0620921, 0.07319808, -0.009284775,-0.1047851, -0.09530795, -0.152395, 0.9781167,-0.5700825, -0.004674034, -0.1779253, 0.8020765,0.9218789, -0.0959428, 0.1499141, -0.3441803,0.9821166, -0.1353729, 0.1155571, -0.06138219,-0.09927353, -0.1735532, -0.1788365, 0.9633491,-0.5398415, -0.04164353, -0.2284646, 0.8090988,0.9033293, -0.09517419, 0.2118304, -0.3606465,0.9710444, -0.1573512, 0.1707948, -0.05605851,-0.05765976, -0.2467531, -0.2425442, 0.9364617,-0.4897665, -0.02609198, -0.2953553, 0.8198861,0.863945, -0.1431689, 0.2596501, -0.4070424,0.9496325, -0.2203608, 0.1983851, -0.1014035,1695797845022
0.04280543, 0.111256, 0.4540871, 0.8829466,-0.09921172, 0.2502717, 0.4706431, 0.8402477,-0.326222, 0.1113508, 0.5212886, 0.7806653,-0.4927484, -0.008206259, 0.5329854, 0.6877922,-0.1068603, -0.01795319, -0.07557794, 0.9912348,-0.5831727, -0.02186288, -0.09328295, 0.8066783,0.942795, -0.03625521, 0.08868627, -0.3193083,0.9953567, -0.06211406, 0.07294887, -0.009237263,-0.1047324, -0.09516646, -0.1523704, 0.9781399,-0.5702133, -0.004519497, -0.1778325, 0.802005,0.9218823, -0.09599052, 0.1497687, -0.344221,0.9821388, -0.1353895, 0.1153885, -0.0613075,-0.09922417, -0.1734117, -0.1788187, 0.963383,-0.54008, -0.04145153, -0.228394, 0.8089694,0.9033849, -0.0952527, 0.2116813, -0.360574,0.9710849, -0.1574113, 0.1705982, -0.05578559,-0.05761966, -0.2466098, -0.2425378, 0.9365036,-0.4900777, -0.02580364, -0.2952658, 0.8197415,0.8640523, -0.1433135, 0.2594397, -0.4068979,0.9497037, -0.2204621, 0.1981014, -0.1010702,1695797845039
0.04306669, 0.1108532, 0.4539984, 0.8830302,-0.09930652, 0.2498606, 0.4706705, 0.8403435,-0.3261454, 0.1110775, 0.5211744, 0.7808125,-0.4927582, -0.008486906, 0.5328124, 0.6879159,-0.1064482, -0.01814601, -0.07577222, 0.9912608,-0.5828217, -0.02172164, -0.09347653, 0.8069134,0.9426873, -0.03649418, 0.08875734, -0.3195795,0.9953384, -0.06235946, 0.07294511, -0.0095806,-0.1043195, -0.09532572, -0.1525929, 0.9781339,-0.5699279, -0.004511937, -0.1780947, 0.8021497,0.9217279, -0.09614411, 0.1499813, -0.3444991,0.9820717, -0.135598, 0.1155476, -0.06162094,-0.09882347, -0.1735577, -0.1790687, 0.9633515,-0.539954, -0.04139888, -0.2286858, 0.8089738,0.9032717, -0.09545442, 0.211895, -0.3606787,0.9710197, -0.1576978, 0.1707116, -0.05576443,-0.05722617, -0.2467305, -0.2428027, 0.9364273,-0.4900128, -0.02568951, -0.2955405, 0.8196849,0.8639348, -0.1435411, 0.2596153, -0.4069552,0.9496308, -0.2207727, 0.1981504, -0.1009809,1695797845056
0.04303217, 0.1105365, 0.4542454, 0.8829445,-0.09973861, 0.2494473, 0.4709754, 0.8402442,-0.3262785, 0.1107668, 0.521318, 0.7807052,-0.492871, -0.008827354, 0.5328826, 0.6877764,-0.1062782, -0.01845524, -0.0755614, 0.9912895,-0.5828724, -0.02209203, -0.09346864, 0.8068676,0.9426811, -0.03618199, 0.08896802, -0.3195745,0.9953319, -0.06213513, 0.07323709, -0.009488578,-0.1041095, -0.09561943, -0.1523958, 0.9781583,-0.5699978, -0.004900855, -0.1781051, 0.8020954,0.9217263, -0.09581526, 0.1502161, -0.3444927,0.9820789, -0.1353717, 0.1158445, -0.0614456,-0.09858841, -0.1738418, -0.178885, 0.9633585,-0.5400934, -0.04164465, -0.2286691, 0.8088728,0.9032965, -0.09522308, 0.2120292, -0.3605991,0.9710312, -0.1575619, 0.1708744, -0.05544804,-0.05695802, -0.2469872, -0.2426239, 0.9364223,-0.4901913, -0.02589167, -0.2955094, 0.8195831,0.8639818, -0.1433276, 0.2597179, -0.4068651,0.9496691, -0.2206507, 0.1982661, -0.1006598,1695797845074
0.04344662, 0.1102931, 0.4546114, 0.8827663,-0.09961753, 0.2490889, 0.4714547, 0.8400962,-0.3259541, 0.1104026, 0.521657, 0.7806659,-0.4925501, -0.009261485, 0.5331313, 0.6878078,-0.10575, -0.01847507, -0.07522871, 0.9913709,-0.5827062, -0.02210094, -0.09316373, 0.8070226,0.9427208, -0.03602162, 0.08871514, -0.3195459,0.9953607, -0.06190407, 0.07304668, -0.009446061,-0.1035596, -0.09559788, -0.1521081, 0.9782636,-0.5698853, -0.00492736, -0.1778322, 0.8022357,0.9217716, -0.0956663, 0.1499884, -0.3445121,0.9821286, -0.1351642, 0.1156685, -0.06144014,-0.09801846, -0.1738041, -0.1786433, 0.9634683,-0.5401076, -0.04160149, -0.2284454, 0.8089288,0.9034253, -0.09518214, 0.2117979, -0.3604231,0.9711064, -0.157477, 0.1706428, -0.05508485,-0.05637532, -0.2469009, -0.242429, 0.9365308,-0.4902394, -0.02572378, -0.2952533, 0.8196518,0.8641682, -0.143393, 0.2593736, -0.4066658,0.9498022, -0.2206438, 0.1978699, -0.1001974,1695797845091
0.04337326, 0.110124, 0.4547161, 0.882737,-0.1000003, 0.248872, 0.4716046, 0.8400308,-0.3261273, 0.1102712, 0.5217168, 0.7805721,-0.4927375, -0.00943355, 0.5331596, 0.6876494,-0.1057094, -0.01866684, -0.07514299, 0.9913781,-0.5827429, -0.02221454, -0.09315094, 0.8069945,0.9427941, -0.03593826, 0.08876387, -0.3193253,0.9953617, -0.06184129, 0.07311798, -0.009197189,-0.103497, -0.09578508, -0.1520253, 0.9782647,-0.5699918, -0.005123213, -0.1778643, 0.8021517,0.9218606, -0.09554307, 0.1501115, -0.3442544,0.9821463, -0.1350964, 0.1158055, -0.06104656,-0.09794304, -0.1739874, -0.1785631, 0.9634577,-0.5403042, -0.0417278, -0.2284732, 0.8087831,0.9035501, -0.09512053, 0.2118804, -0.3600777,0.9711281, -0.1574852, 0.1707034, -0.05448813,-0.05628105, -0.2470732, -0.2423457, 0.9365126,-0.4904727, -0.02587783, -0.2952997, 0.8194907,0.8643013, -0.1433099, 0.2594877, -0.4063393,0.9498438, -0.2206485, 0.197954, -0.09962583,1695797845107
0.04311483, 0.1103549, 0.4546941, 0.8827322,-0.1005154, 0.2490357, 0.4716182, 0.8399132,-0.3264465, 0.1105213, 0.5217543, 0.7803782,-0.4930416, -0.009226591, 0.5332517, 0.6873627,-0.1060481, -0.01860723, -0.07510645, 0.9913459,-0.5830519, -0.02225903, -0.09310821, 0.806775,0.9428998, -0.03587203, 0.08875698, -0.3190225,0.9953687, -0.06178559, 0.07312416, -0.008748909,-0.1038364, -0.09575235, -0.1519634, 0.9782416,-0.5703187, -0.005191205, -0.1778279, 0.801927,0.9220024, -0.09546519, 0.1501203, -0.3438923,0.9821895, -0.1350492, 0.1158077, -0.06044902,-0.09827812, -0.1739647, -0.1784757, 0.9634439,-0.5406516, -0.04172874, -0.2283976, 0.8085723,0.9037037, -0.09506918, 0.2118221, -0.35974,0.9711763, -0.1574491, 0.1706357, -0.05394204,-0.05661115, -0.2470734, -0.2422381, 0.9365205,-0.490856, -0.02596158, -0.295269, 0.8192695,0.8644727, -0.1432084, 0.2595172, -0.4059916,0.9499066, -0.2205931, 0.1979811, -0.09909385,1695797845124
0.04318371, 0.1104342, 0.4544863, 0.882826,-0.1005131, 0.2491208, 0.4714604, 0.8399768,-0.3264214, 0.1106732, 0.5216201, 0.7804569,-0.4931377, -0.009128329, 0.5331536, 0.6873711,-0.1060621, -0.01848385, -0.07532403, 0.9913301,-0.5829822, -0.02200814, -0.09321357, 0.80682,0.9429011, -0.03614637, 0.08869367, -0.3190054,0.9953645, -0.06202561, 0.07297911, -0.008743944,-0.1038758, -0.09563097, -0.152178, 0.9782159,-0.570256, -0.00502563, -0.1779664, 0.8019419,0.9219919, -0.09569437, 0.1501328, -0.3438512,0.982169, -0.1352748, 0.1157497, -0.06038932,-0.09833819, -0.1738461, -0.1786873, 0.9634199,-0.5405999, -0.04154821, -0.2285252, 0.80858,0.9036913, -0.09530536, 0.2118181, -0.3597111,0.9711581, -0.1576805, 0.1705487, -0.05386854,-0.05669437, -0.2469672, -0.2424475, 0.9364893,-0.4908121, -0.02585835, -0.295435, 0.8192393,0.8644254, -0.1433905, 0.2595952, -0.4059783,0.9498626, -0.2208008, 0.1979836, -0.09904835,1695797845143
0.04305729, 0.1106424, 0.4541687, 0.8829694,-0.1006609, 0.2493216, 0.4711646, 0.8400655,-0.3265395, 0.1109796, 0.5213836, 0.780522,-0.4933349, -0.008829028, 0.5329909, 0.6873597,-0.1063227, -0.01834519, -0.07562608, 0.9912818,-0.5830534, -0.02170907, -0.09337035, 0.8067586,0.9428702, -0.03646616, 0.08865396, -0.3190712,0.9953558, -0.06231765, 0.07284103, -0.008807504,-0.1041676, -0.09551366, -0.152457, 0.9781529,-0.57026, -0.004858482, -0.1781618, 0.8018967,0.9219216, -0.0959213, 0.1502143, -0.3439408,0.9821271, -0.1355143, 0.1157631, -0.06050713,-0.09865485, -0.173739, -0.1789428, 0.9633595,-0.5405675, -0.04140756, -0.2286945, 0.8085611,0.9035879, -0.09547848, 0.2118953, -0.3598792,0.9711109, -0.1578605, 0.170575, -0.05411025,-0.05703588, -0.2468926, -0.2426814, 0.9364276,-0.4908114, -0.02581085, -0.2956475, 0.8191645,0.8642696, -0.1434759, 0.2597851, -0.4061581,0.949765, -0.2209245, 0.1981565, -0.09936243,1695797845161
0.04304948, 0.1107317, 0.4541493, 0.8829687,-0.1006748, 0.2494019, 0.4711533, 0.8400463,-0.3264667, 0.111114, 0.5213832, 0.7805337,-0.4933024, -0.008725691, 0.5330203, 0.6873617,-0.1063779, -0.01827206, -0.07562906, 0.991277,-0.5828527, -0.0215859, -0.09329048, 0.8069162,0.9427636, -0.03651063, 0.0885214, -0.3194177,0.9953617, -0.06231127, 0.07270742, -0.009269201,-0.1042289, -0.09544536, -0.1524561, 0.9781532,-0.5700099, -0.004795907, -0.1780961, 0.8020895,0.9217987, -0.09592582, 0.1501315, -0.3443049,0.9821049, -0.1354742, 0.1157064, -0.06106328,-0.09871837, -0.1736732, -0.1789383, 0.9633657,-0.5402875, -0.04144628, -0.2286437, 0.8087606,0.9034346, -0.09539681, 0.2118849, -0.3602917,0.9710859, -0.1577465, 0.1706218, -0.05473926,-0.05710382, -0.2468326, -0.2426761, 0.9364406,-0.4905583, -0.02585638, -0.2956017, 0.8193312,0.8640915, -0.1433735, 0.259794, -0.4065673,0.9497143, -0.2207971, 0.1982361, -0.09996904,1695797845179
0.04305777, 0.1107809, 0.4538806, 0.8831003,-0.1006783, 0.2494747, 0.4709117, 0.8401598,-0.3264852, 0.1112606, 0.5211684, 0.7806485,-0.4933671, -0.008550884, 0.5328436, 0.6874543,-0.1064366, -0.01820063, -0.0759167, 0.99125,-0.5827202, -0.02135422, -0.09347641, 0.8069965,0.9426523, -0.03679335, 0.08854429, -0.3197073,0.9953455, -0.06258041, 0.07264666, -0.009669784,-0.1043132, -0.09537901, -0.1527361, 0.978107,-0.5697942, -0.004651512, -0.178303, 0.8021976,0.9216357, -0.0961417, 0.1502343, -0.3446362,0.982033, -0.1356874, 0.1157692, -0.06162483,-0.09882623, -0.1736105, -0.1792102, 0.9633154,-0.5400317, -0.04135249, -0.2288408, 0.8088805,0.9032234, -0.0955455, 0.2120122, -0.3607068,0.971005, -0.1578896, 0.1707308, -0.05541824,-0.05723477, -0.2467865, -0.2429382, 0.9363769,-0.4903373, -0.0257847, -0.2958087, 0.8193911,0.8638297, -0.1434771, 0.2599653, -0.4069774,0.9495813, -0.2209107, 0.1984089, -0.1006362,1695797845196
0.04265469, 0.1108432, 0.4538328, 0.8831366,-0.1010175, 0.2495295, 0.4707826, 0.8401752,-0.3267067, 0.1114213, 0.5210437, 0.7806161,-0.4936078, -0.008391146, 0.5327577, 0.6873501,-0.1068146, -0.01835785, -0.07593462, 0.9912051,-0.5827518, -0.02149022, -0.09353275, 0.8069635,0.9425573, -0.03668703, 0.08868071, -0.3199617,0.9953344, -0.06252019, 0.07281093, -0.009964959,-0.104677, -0.09556458, -0.1527234, 0.978052,-0.5697504, -0.004927581, -0.1783966, 0.8022062,0.9215133, -0.09592589, 0.150492, -0.3449111,0.9819857, -0.135537, 0.1161006, -0.06208376,-0.09918167, -0.1738045, -0.179166, 0.9632521,-0.5399027, -0.04165866, -0.2288825, 0.8089391,0.9030361, -0.09524965, 0.2122502, -0.3611139,0.9709457, -0.1576512, 0.1710811, -0.05605321,-0.05757223, -0.2470025, -0.2428597, 0.9363196,-0.4902263, -0.02619362, -0.2958826, 0.8194178,0.8635824, -0.1430701, 0.2603143, -0.4074221,0.9494714, -0.2205968, 0.1989212, -0.101348,1695797845214
0.04264691, 0.1108614, 0.4539157, 0.883092,-0.1008035, 0.2495485, 0.470806, 0.8401821,-0.3264606, 0.1114614, 0.5210654, 0.7806989,-0.4934057, -0.0083718, 0.5327876, 0.6874722,-0.1068179, -0.01835449, -0.07583881, 0.9912121,-0.5824088, -0.02143489, -0.0933793, 0.8072303,0.9423904, -0.03663158, 0.08852839, -0.3205014,0.9953423, -0.06240713, 0.07269455, -0.01070609,-0.104674, -0.09556152, -0.1526286, 0.9780674,-0.5693563, -0.005006612, -0.1782874, 0.8025098,0.9213114, -0.09577936, 0.1504586, -0.3455053,0.9819443, -0.1353483, 0.1161564, -0.06303845,-0.09917153, -0.1738013, -0.1790724, 0.9632711,-0.5394663, -0.04182374, -0.2287752, 0.809252,0.9028091, -0.09502675, 0.2122669, -0.3617299,0.9709069, -0.1573883, 0.1712199, -0.05703139,-0.05755591, -0.2469959, -0.2427689, 0.9363459,-0.4898094, -0.02643066, -0.2958067, 0.8196868,0.8633097, -0.1427823, 0.2604101, -0.4080393,0.9493852, -0.2202955, 0.1991736, -0.102311,1695797845231
0.04242907, 0.110917, 0.4539208, 0.8830929,-0.1006502, 0.2496052, 0.4706862, 0.8402507,-0.3263861, 0.1115124, 0.5209733, 0.7807841,-0.4933794, -0.008322437, 0.5327091, 0.6875526,-0.1070288, -0.01842384, -0.07580987, 0.9911903,-0.5824276, -0.02161439, -0.09341045, 0.8072084,0.9423606, -0.0364944, 0.08866146, -0.3205678,0.9953351, -0.06232097, 0.07286146, -0.01074152,-0.1048758, -0.09564681, -0.1525832, 0.9780446,-0.569307, -0.005156366, -0.1782914, 0.802543,0.9212723, -0.09565023, 0.1505504, -0.3456052,0.9819188, -0.1352199, 0.1163184, -0.06341141,-0.09936639, -0.1738914, -0.1790102, 0.9632463,-0.5393142, -0.04201947, -0.228752, 0.8093498,0.9027153, -0.09483839, 0.2123648, -0.3619557,0.9708734, -0.1571925, 0.1714166, -0.05754822,-0.0577395, -0.2470972, -0.2426895, 0.9363284,-0.489597, -0.02677562, -0.29583, 0.8197942,0.8631552, -0.1424845, 0.2606347, -0.4083267,0.9493033, -0.2200292, 0.1995481, -0.1029123,1695797845246
0.04209188, 0.1111813, 0.4538936, 0.8830898,-0.1006341, 0.2498972, 0.4705289, 0.840254,-0.3264087, 0.1118115, 0.5209071, 0.7807761,-0.4934164, -0.008029115, 0.5327115, 0.6875276,-0.1074514, -0.01837741, -0.07576751, 0.9911487,-0.582629, -0.0217314, -0.09337603, 0.8070639,0.9423947, -0.03636623, 0.08870644, -0.3204697,0.9953377, -0.06221851, 0.07293966, -0.01056562,-0.1052971, -0.09563369, -0.1525088, 0.9780121,-0.5694535, -0.005261852, -0.1782352, 0.8024507,0.9212919, -0.0955096, 0.1505769, -0.3455802,0.9819208, -0.1350755, 0.1164049, -0.06352979,-0.09978165, -0.1738904, -0.1789037, 0.9632233,-0.5393584, -0.04215218, -0.2286528, 0.8093414,0.9027017, -0.09464619, 0.21237, -0.3620369,0.9708744, -0.156977, 0.1715142, -0.05782653,-0.05814674, -0.2471242, -0.2425564, 0.9363306,-0.4896112, -0.02704298, -0.2957779, 0.8197957,0.8631116, -0.1421975, 0.2607599, -0.4084391,0.9492754, -0.2197536, 0.1998105, -0.1032489,1695797845264
0.0423418, 0.1112818, 0.4537676, 0.88313,-0.1000458, 0.2500137, 0.4703844, 0.8403705,-0.3260379, 0.1118542, 0.5208234, 0.7809808,-0.4931142, -0.007978842, 0.5326393, 0.6878009,-0.1073116, -0.0181477, -0.07590039, 0.9911579,-0.5824366, -0.021608, -0.0934394, 0.8071988,0.9423222, -0.03650526, 0.08868593, -0.3206728,0.9953325, -0.06234714, 0.07287429, -0.010741,-0.1051868, -0.09539474, -0.1526524, 0.978025,-0.5691976, -0.005010904, -0.1782385, 0.8026332,0.9212096, -0.09573122, 0.1504315, -0.3458017,0.9818891, -0.1352142, 0.1162377, -0.06402894,-0.09969103, -0.1736511, -0.1790587, 0.9632471,-0.539015, -0.04194437, -0.2286601, 0.809579,0.9025792, -0.09483703, 0.2122515, -0.3623617,0.9708444, -0.1570718, 0.1713861, -0.05844952,-0.05808455, -0.2468866, -0.2427273, 0.9363528,-0.4892135, -0.02691338, -0.2958158, 0.8200237,0.8629459, -0.1423504, 0.2607061, -0.4087701,0.9491994, -0.2198268, 0.1997686, -0.1038707,1695797845281
0.04234346, 0.1114204, 0.4538365, 0.883077,-0.09963033, 0.2502201, 0.4703514, 0.8403769,-0.3258209, 0.1119411, 0.520874, 0.7810251,-0.4929192, -0.007910658, 0.5327082, 0.6878881,-0.1073706, -0.01803626, -0.07579608, 0.9911615,-0.582377, -0.02169685, -0.09333948, 0.8072509,0.9423062, -0.03637559, 0.08865567, -0.3207431,0.9953392, -0.06221468, 0.07288583, -0.0108104,-0.1052478, -0.09528872, -0.1525456, 0.9780454,-0.569087, -0.004962731, -0.1780733, 0.8027486,0.9211955, -0.09568411, 0.1502641, -0.3459251,0.9818972, -0.135095, 0.1161209, -0.06436757,-0.09974753, -0.1735478, -0.1789499, 0.9632801,-0.5388256, -0.04197514, -0.2285033, 0.8097477,0.9025419, -0.09473653, 0.2121336, -0.3625501,0.9708515, -0.1568897, 0.1713514, -0.05892066,-0.05814106, -0.2467862, -0.2426224, 0.936403,-0.4889714, -0.02703596, -0.2956916, 0.8202088,0.8628824, -0.1422015, 0.2606592, -0.4089859,0.9491802, -0.2196136, 0.1998359, -0.1043667,1695797845298
0.04206639, 0.1116856, 0.4538015, 0.8830747,-0.09957108, 0.2505721, 0.4701952, 0.8403664,-0.3258779, 0.1122445, 0.5208369, 0.7809826,-0.4929666, -0.007607747, 0.5327401, 0.6878328,-0.1077443, -0.01795631, -0.07576545, 0.9911248,-0.5824081, -0.02172191, -0.09326705, 0.8072361,0.942283, -0.03630216, 0.08861568, -0.3208305,0.9953446, -0.06213352, 0.07286981, -0.01088589,-0.1056242, -0.09523849, -0.1524869, 0.9780189,-0.5690944, -0.004969989, -0.1779781, 0.8027644,0.9211796, -0.09561135, 0.1501978, -0.3460163,0.9818978, -0.1349873, 0.1161006, -0.06461996,-0.1001204, -0.1735089, -0.178863, 0.9632645,-0.5387546, -0.04208802, -0.228398, 0.8098187,0.9024863, -0.09456208, 0.2121204, -0.3627416,0.9708452, -0.1566791, 0.1714313, -0.05935157,-0.05851015, -0.2467732, -0.2425135, 0.9364117,-0.4888681, -0.0272703, -0.2956272, 0.8202859,0.862793, -0.1419412, 0.2607523, -0.4092056,0.949138, -0.2193417, 0.2000707, -0.104871,1695797845317
0.04190068, 0.1115731, 0.45373, 0.8831336,-0.09931395, 0.2505452, 0.469983, 0.8405235,-0.3258077, 0.1121873, 0.5206447, 0.7811481,-0.4929237, -0.007611208, 0.5325401, 0.6880184,-0.107837, -0.01813267, -0.07585824, 0.9911044,-0.5821623, -0.02186703, -0.09342111, 0.8073917,0.9421346, -0.03626255, 0.08882961, -0.3212113,0.9953216, -0.06215725, 0.07308999, -0.01136706,-0.1057077, -0.09542079, -0.1525701, 0.9779791,-0.5687931, -0.005110431, -0.1781143, 0.8029469,0.9210114, -0.09556229, 0.150395, -0.3463915,0.9818285, -0.1349669, 0.1163389, -0.06528455,-0.1002036, -0.1736918, -0.1789359, 0.9632094,-0.5383982, -0.04232953, -0.2285301, 0.8100059,0.9022661, -0.09441887, 0.2123744, -0.3631777,0.970755, -0.1565693, 0.1717668, -0.06014037,-0.05858477, -0.2469611, -0.2425691, 0.936343,-0.4884633, -0.02760692, -0.2957764, 0.820462,0.8624986, -0.1417089, 0.2610831, -0.4096955,0.9489859, -0.2191659, 0.2005296, -0.1057348,1695797845334
0.04195004, 0.1114619, 0.4537883, 0.8831153,-0.09892817, 0.2504912, 0.4699534, 0.8406016,-0.3254967, 0.1121178, 0.5206071, 0.7813129,-0.4926452, -0.007660908, 0.5324879, 0.6882576,-0.1077298, -0.01820591, -0.07581913, 0.9911177,-0.5817376, -0.02186014, -0.09336532, 0.8077044,0.9419672, -0.03623525, 0.08878037, -0.3217186,0.9953188, -0.06210386, 0.07306202, -0.0120661,-0.1055923, -0.09548515, -0.1525393, 0.9779901,-0.5683422, -0.005130069, -0.1780617, 0.8032776,0.9208283, -0.09551877, 0.1503611, -0.3469047,0.9817796, -0.1348769, 0.1163638, -0.06615462,-0.1000837, -0.1737521, -0.1789134, 0.9632152,-0.5379356, -0.04249668, -0.2285164, 0.8103083,0.902051, -0.09427044, 0.2124589, -0.3637009,0.9706959, -0.1563987, 0.1719452, -0.06102324,-0.05845912, -0.2470109, -0.2425522, 0.9363421,-0.4879621, -0.02780231, -0.2957608, 0.8207591,0.8622179, -0.1415189, 0.2611892, -0.410284,0.9488819, -0.218963, 0.2007552, -0.1066567,1695797845352
0.04166969, 0.1112711, 0.4536886, 0.8832039,-0.09911898, 0.2504997, 0.4697553, 0.8406874,-0.3256178, 0.1122375, 0.5204064, 0.7813789,-0.4928811, -0.007578905, 0.5323182, 0.688221,-0.1078832, -0.01850664, -0.07595245, 0.9910852,-0.5812314, -0.02205501, -0.09357266, 0.8080395,0.9417904, -0.03620801, 0.08905754, -0.3221623,0.9952866, -0.06214976, 0.07334626, -0.01274124,-0.1057283, -0.09579562, -0.152657, 0.9779267,-0.5679339, -0.005446401, -0.17831, 0.8035092,0.9206837, -0.09542352, 0.1507264, -0.3471562,0.9816958, -0.1348597, 0.1167774, -0.06670187,-0.1002174, -0.1740633, -0.1790141, 0.9631264,-0.5375081, -0.04286729, -0.2287294, 0.8105124,0.9018462, -0.09410425, 0.2128359, -0.3640312,0.9705954, -0.1563312, 0.1723812, -0.06156175,-0.0585766, -0.2473296, -0.2426247, 0.9362319,-0.4874862, -0.02829099, -0.2959929, 0.8209415,0.8619065, -0.1412309, 0.2616601, -0.4107372,0.9487236, -0.2188221, 0.2013183, -0.1072913,1695797845368
0.04141941, 0.1113239, 0.4533644, 0.8833754,-0.09923102, 0.2507101, 0.4693643, 0.8408298,-0.3256877, 0.1125981, 0.520077, 0.7815171,-0.493056, -0.007212103, 0.5320775, 0.6882858,-0.1081695, -0.01856431, -0.07628606, 0.9910274,-0.5809865, -0.02206141, -0.09389029, 0.8081785,0.9416603, -0.0363837, 0.08932143, -0.3224495,0.9952506, -0.06238818, 0.07355139, -0.01319977,-0.1060311, -0.09587517, -0.1529638, 0.9778382,-0.5677645, -0.005512892, -0.1786402, 0.8035551,0.920577, -0.09555694, 0.151035, -0.3472683,0.9816142, -0.1350558, 0.1170583, -0.06701399,-0.1005402, -0.1741512, -0.1792929, 0.963025,-0.5373013, -0.04293618, -0.2290036, 0.8105684,0.9016766, -0.0941846, 0.2131089, -0.3642707,0.9705003, -0.1564668, 0.1726392, -0.06199247,-0.0589115, -0.2474478, -0.2428704, 0.9361159,-0.487251, -0.02842356, -0.2962714, 0.8209761,0.8616577, -0.1412295, 0.2619902, -0.4110492,0.9485772, -0.2189042, 0.2016571, -0.1077809,1695797845386
0.04128948, 0.1111399, 0.4532051, 0.8834864,-0.09920373, 0.2506277, 0.4691349, 0.8409856,-0.3256491, 0.1126183, 0.5198259, 0.7816975,-0.4931137, -0.00717829, 0.5318367, 0.6884308,-0.1082088, -0.01877366, -0.0764921, 0.9910032,-0.5805637, -0.02218689, -0.09415404, 0.8084483,0.9414498, -0.03642803, 0.0896116, -0.3229783,0.9952127, -0.06250786, 0.07382417, -0.01394054,-0.1060665, -0.09608603, -0.1531628, 0.9777825,-0.5673986, -0.005686794, -0.1789159, 0.8037509,0.9203894, -0.09556987, 0.1513593, -0.3476208,0.9815184, -0.1351308, 0.1174006, -0.06766409,-0.1005832, -0.1743611, -0.1794837, 0.962947,-0.5368719, -0.04315497, -0.2292498, 0.8107717,0.9014066, -0.09412538, 0.2134437, -0.364758,0.9703817, -0.1564727, 0.1730147, -0.06278245,-0.05895213, -0.2476626, -0.2430428, 0.9360118,-0.486761, -0.02868891, -0.2965071, 0.8211724,0.8612798, -0.1410892, 0.2623611, -0.4116522,0.9483929, -0.2188486, 0.2021009, -0.10868,1695797845405
0.04125948, 0.1110724, 0.4530747, 0.8835632,-0.09920391, 0.2506309, 0.4689907, 0.841065,-0.3255799, 0.1127214, 0.519675, 0.7818117,-0.4931698, -0.007119358, 0.5317118, 0.6884878,-0.1082192, -0.01883423, -0.07664826, 0.9909889,-0.5801024, -0.02219076, -0.09429483, 0.8087628,0.9412472, -0.03650399, 0.08972961, -0.3235271,0.9951881, -0.06260215, 0.07392508, -0.01472203,-0.1060824, -0.09614695, -0.1533157, 0.9777508,-0.5670581, -0.005801094, -0.1791016, 0.803949,0.9202175, -0.09557891, 0.1515774, -0.3479781,0.9814414, -0.1351757, 0.1176374, -0.06827748,-0.1006086, -0.1744221, -0.179633, 0.9629054,-0.5365117, -0.04324166, -0.2293922, 0.8109652,0.9011799, -0.09411156, 0.2136203, -0.3652181,0.9703006, -0.1564864, 0.1732127, -0.06345128,-0.05898328, -0.2477286, -0.2431839, 0.9359557,-0.4863888, -0.02881114, -0.2966522, 0.8213363,0.8609735, -0.1410122, 0.2625799, -0.4121796,0.9482628, -0.2188244, 0.2023574, -0.1093848,1695797845421
0.0412287, 0.1112117, 0.453034, 0.8835679,-0.09923328, 0.2508038, 0.4689517, 0.8410318,-0.3255853, 0.1129075, 0.5196828, 0.7817774,-0.4932228, -0.006982618, 0.5317608, 0.6884134,-0.1083224, -0.01872907, -0.07666323, 0.9909784,-0.5799094, -0.02218262, -0.09426787, 0.8089045,0.9411205, -0.03648077, 0.08970872, -0.3239039,0.9951831, -0.06256513, 0.07391959, -0.01523335,-0.106195, -0.09605059, -0.1533232, 0.9777468,-0.5669215, -0.005815533, -0.179081, 0.8040499,0.9201339, -0.09554365, 0.1515758, -0.3482095,0.9814112, -0.1351128, 0.117679, -0.06876229,-0.100725, -0.17433, -0.1796332, 0.9629099,-0.5363356, -0.04323755, -0.2293375, 0.8110973,0.9010578, -0.0940538, 0.2135862, -0.365554,0.9702767, -0.1563839, 0.1732318, -0.06401571,-0.05910623, -0.2476468, -0.243181, 0.9359704,-0.4862057, -0.02880177, -0.2965913, 0.821467,0.8608165, -0.1409368, 0.2625505, -0.4125517,0.9482197, -0.2187142, 0.2023859, -0.109925,1695797845438
0.04142834, 0.1111241, 0.4529948, 0.8835897,-0.09880229, 0.2507315, 0.4688915, 0.8411376,-0.3253359, 0.112764, 0.5196247, 0.7819406,-0.4930032, -0.007099187, 0.531672, 0.688638,-0.1081157, -0.01869318, -0.07673558, 0.9909961,-0.579641, -0.0221694, -0.09433863, 0.809089,0.9410076, -0.03653229, 0.08975886, -0.3242119,0.9951695, -0.06261951, 0.07395983, -0.01569806,-0.1059975, -0.09599885, -0.153411, 0.9777596,-0.5666888, -0.005759282, -0.1791382, 0.8042015,0.9200166, -0.09561815, 0.1515943, -0.3484907,0.9813609, -0.1351573, 0.1177122, -0.06933349,-0.1005365, -0.1742733, -0.1797365, 0.9629205,-0.5360816, -0.04316669, -0.2293924, 0.8112535,0.9009339, -0.09414175, 0.2135921, -0.365833,0.9702297, -0.1564234, 0.1732512, -0.06457628,-0.05892929, -0.2475799, -0.2432983, 0.9359688,-0.4859306, -0.02873617, -0.2966466, 0.8216121,0.860682, -0.1410306, 0.2625554, -0.4127972,0.9481497, -0.2187629, 0.2024049, -0.1103957,1695797845455
0.04138549, 0.1111559, 0.4530512, 0.8835588,-0.09869962, 0.2507245, 0.4689075, 0.8411429,-0.3254046, 0.1126425, 0.5196621, 0.7819046,-0.4929917, -0.007171529, 0.5316818, 0.688638,-0.1081595, -0.01869444, -0.07666436, 0.9909968,-0.5797077, -0.0222541, -0.09429766, 0.8090437,0.9410207, -0.03643532, 0.08977617, -0.3241803,0.9951705, -0.06252578, 0.0740123, -0.01575735,-0.106036, -0.09600352, -0.1533372, 0.9777665,-0.5667908, -0.005832159, -0.1790962, 0.8041385,0.9200228, -0.09551556, 0.1516121, -0.3484947,0.9813572, -0.1350458, 0.1177798, -0.06948841,-0.1005691, -0.1742789, -0.1796604, 0.9629304,-0.5361785, -0.04318912, -0.2293317, 0.8112054,0.9009631, -0.09407517, 0.2135608, -0.3657967,0.9702362, -0.1563243, 0.1732659, -0.06467869,-0.05895624, -0.2475857, -0.2432212, 0.9359856,-0.4860388, -0.02876953, -0.2965945, 0.8215658,0.8607451, -0.1409733, 0.262531, -0.4127006,0.9481642, -0.2186754, 0.2024279, -0.1104029,1695797845473
0.04137587, 0.1112079, 0.4533388, 0.8834052,-0.09864749, 0.2506923, 0.4691677, 0.8410135,-0.3254012, 0.1124856, 0.5199153, 0.7817603,-0.4928343, -0.007287525, 0.5318946, 0.688585,-0.1081507, -0.018683, -0.07633541, 0.9910234,-0.5797834, -0.02245409, -0.09403292, 0.8090147,0.9410457, -0.03611349, 0.08967827, -0.3241707,0.9951904, -0.06218498, 0.074023, -0.0158006,-0.1060057, -0.09599152, -0.1530132, 0.9778218,-0.5669397, -0.005954773, -0.1788115, 0.804096,0.9200889, -0.09524, 0.1514542, -0.3484643,0.981405, -0.134725, 0.1177208, -0.06953631,-0.1005145, -0.1742656, -0.1793419, 0.9629978,-0.5363412, -0.04327671, -0.2290509, 0.8111725,0.9010721, -0.09384027, 0.2133804, -0.3656936,0.9703025, -0.1560313, 0.1731802, -0.06462111,-0.05888077, -0.2475597, -0.2429139, 0.9360769,-0.4862083, -0.02881082, -0.296302, 0.8215696,0.8609276, -0.1408014, 0.2622973, -0.4125273,0.9482751, -0.2184274, 0.2022731, -0.1102239,1695797845490
0.04120053, 0.1113247, 0.4534997, 0.8833161,-0.09898739, 0.2507552, 0.4693344, 0.8408618,-0.3256219, 0.1125433, 0.5200836, 0.7815481,-0.4929434, -0.007224025, 0.5320722, 0.6883704,-0.1083335, -0.0186929, -0.07612403, 0.9910194,-0.5799389, -0.02263014, -0.09387148, 0.8089171,0.9410877, -0.03586866, 0.08965165, -0.3240832,0.9952029, -0.06194258, 0.07407493, -0.01572351,-0.106172, -0.09601561, -0.1527902, 0.9778362,-0.5671586, -0.006121287, -0.1786508, 0.8039761,0.9201685, -0.09499698, 0.1514238, -0.3483338,0.9814412, -0.1344793, 0.1177664, -0.06942347,-0.1006626, -0.1742939, -0.1791075, 0.9630209,-0.5365649, -0.0433872, -0.2288646, 0.8110713,0.9011758, -0.09363007, 0.2132953, -0.3655417,0.9703552, -0.1558102, 0.1731608, -0.06441568,-0.05901046, -0.2475919, -0.2426726, 0.9361228,-0.486451, -0.02888691, -0.2961048, 0.8214943,0.8610858, -0.1406275, 0.2621763, -0.4123332,0.9483677, -0.2182346, 0.2022033, -0.1099375,1695797845507
0.04128408, 0.1111204, 0.45363, 0.883271,-0.09899967, 0.2504683, 0.4694893, 0.8408594,-0.3256455, 0.1122167, 0.5201557, 0.7815372,-0.4929071, -0.007514616, 0.5320696, 0.6883953,-0.1081392, -0.0188334, -0.07602617, 0.9910455,-0.5799184, -0.02284657, -0.09389489, 0.808923,0.9410913, -0.03571038, 0.08979412, -0.3240508,0.9951956, -0.06183348, 0.07426195, -0.01573053,-0.1059601, -0.09613995, -0.1527077, 0.9778599,-0.5671635, -0.006256584, -0.1786503, 0.8039717,0.9201961, -0.09489597, 0.151492, -0.3482585,0.9814417, -0.1343946, 0.1178693, -0.06940607,-0.1004404, -0.1744106, -0.1790403, 0.9630354,-0.5365622, -0.04347275, -0.2288635, 0.8110688,0.90122, -0.09358677, 0.2133305, -0.3654234,0.9703615, -0.1557843, 0.173204, -0.06426574,-0.05877546, -0.2476883, -0.242616, 0.9361268,-0.4864284, -0.02888284, -0.2960605, 0.8215238,0.8611637, -0.1406573, 0.2621098, -0.4122026,0.9484075, -0.218257, 0.2021136, -0.1097143,1695797845524
0.04166051, 0.11096, 0.4535957, 0.8832911,-0.09874062, 0.2502032, 0.4695574, 0.8409307,-0.3254615, 0.1119127, 0.5201551, 0.7816578,-0.4926291, -0.007713456, 0.5320022, 0.6886441,-0.107746, -0.01876538, -0.07611774, 0.9910826,-0.5799053, -0.02268957, -0.09396315, 0.8089289,0.9411275, -0.03588998, 0.0897541, -0.3239368,0.9951931, -0.06198409, 0.07417454, -0.01571389,-0.1055812, -0.09604178, -0.1528291, 0.9778915,-0.567139, -0.006041292, -0.178707, 0.803978,0.9202123, -0.09512042, 0.1514094, -0.3481904,0.9814332, -0.1345784, 0.1177342, -0.06939806,-0.1000751, -0.1743028, -0.179192, 0.9630648,-0.5365999, -0.04321151, -0.2289558, 0.8110318,0.9012836, -0.09388563, 0.2132451, -0.3652395,0.970364, -0.1560405, 0.1730299, -0.06407565,-0.0584291, -0.2475594, -0.2427958, 0.9361359,-0.4864679, -0.0285125, -0.2961169, 0.821493,0.8612723, -0.1410554, 0.2619189, -0.411961,0.9484375, -0.2185824, 0.2017917, -0.1093987,1695797845543
0.04144635, 0.1109585, 0.4537753, 0.8832092,-0.09906874, 0.2500595, 0.4697253, 0.8408411,-0.3257242, 0.1117474, 0.5202732, 0.7814935,-0.4927118, -0.007795622, 0.5320817, 0.6885226,-0.1078982, -0.01889761, -0.07590749, 0.9910797,-0.5803343, -0.02287247, -0.09384575, 0.8086296,0.9412674, -0.03566267, 0.08976831, -0.3235514,0.995206, -0.06177096, 0.07425984, -0.01532384,-0.1057068, -0.09618492, -0.1526088, 0.9778983,-0.5675109, -0.006193688, -0.1785773, 0.8037432,0.9203433, -0.09490165, 0.1513997, -0.347908,0.9814837, -0.1343764, 0.117776, -0.06900431,-0.1001785, -0.1744477, -0.1789614, 0.9630706,-0.5369977, -0.04336227, -0.2288384, 0.8107935,0.9014552, -0.09368225, 0.2132391, -0.3648715,0.9704155, -0.1558563, 0.1730783, -0.06361204,-0.0585058, -0.247703, -0.2425551, 0.9361556,-0.4869035, -0.02856684, -0.2959629, 0.8212885,0.8615221, -0.1409256, 0.2618207, -0.4115454,0.9485464, -0.2184423, 0.2017252, -0.1088559,1695797845559
0.04132207, 0.1109057, 0.4538243, 0.8831964,-0.09931929, 0.2498568, 0.4697907, 0.8408353,-0.3259788, 0.1115244, 0.5202826, 0.7814129,-0.4927895, -0.007897385, 0.5320426, 0.688496,-0.1079683, -0.01901295, -0.07585709, 0.9910737,-0.5807984, -0.02300377, -0.09388871, 0.8082877,0.9414201, -0.03557274, 0.08988239, -0.3230849,0.9952081, -0.06172943, 0.07438911, -0.01471855,-0.1057632, -0.09630488, -0.1525528, 0.9778891,-0.5679393, -0.006276818, -0.1786049, 0.8034338,0.9204841, -0.09483052, 0.1514803, -0.3475196,0.9815175, -0.1343494, 0.1178531, -0.0684422,-0.1002262, -0.1745679, -0.1788995, 0.9630554,-0.5374193, -0.04338896, -0.228862, 0.810506,0.9016247, -0.09366448, 0.2132777, -0.3644345,0.9704502, -0.1558812, 0.1730937, -0.06297728,-0.05854038, -0.247823, -0.2424846, 0.9361399,-0.4873282, -0.02853668, -0.2959624, 0.8210378,0.8617443, -0.140956, 0.2618005, -0.4110824,0.9486231, -0.2184965, 0.2016616, -0.1081953,1695797845575
0.04176109, 0.1108747, 0.4539579, 0.883111,-0.09894911, 0.2496551, 0.4700279, 0.8408062,-0.3256592, 0.1112358, 0.5204618, 0.781468,-0.4923556, -0.008114617, 0.5321542, 0.6887177,-0.1075632, -0.01881835, -0.07574026, 0.9911304,-0.5810494, -0.02279886, -0.09371845, 0.8081328,0.941529, -0.03563958, 0.08962565, -0.3228317,0.9952351, -0.0617248, 0.07411468, -0.01428873,-0.1053689, -0.09608012, -0.1524702, 0.9779667,-0.5681309, -0.005965807, -0.1784071, 0.8033446,0.9205761, -0.09497005, 0.1511468, -0.3473831,0.9815751, -0.1344023, 0.1174764, -0.06815866,-0.0998344, -0.174334, -0.1788524, 0.9631472,-0.5376466, -0.04305749, -0.2287274, 0.810411,0.9017794, -0.09387404, 0.2129738, -0.3641754,0.9705253, -0.1560112, 0.1727156, -0.06253454,-0.05816324, -0.2475627, -0.2424784, 0.9362339,-0.487556, -0.02805977, -0.295786, 0.8209826,0.8619657, -0.1412941, 0.261367, -0.4107779,0.9487501, -0.2187065, 0.2011074, -0.107687,1695797845594
0.04197695, 0.1107829, 0.4539899, 0.8830959,-0.09895694, 0.2494662, 0.470155, 0.8407904,-0.3256531, 0.1110255, 0.5205309, 0.7814544,-0.4922884, -0.008290126, 0.5321751, 0.6887474,-0.10733, -0.01878411, -0.07573552, 0.9911567,-0.5813279, -0.02270771, -0.09371889, 0.8079351,0.9416755, -0.0357236, 0.0895695, -0.3224102,0.9952453, -0.06179694, 0.07402708, -0.01371175,-0.1051395, -0.09602796, -0.1524839, 0.9779944,-0.5683977, -0.005838303, -0.1784065, 0.8031569,0.9207147, -0.09508525, 0.1510687, -0.347018,0.9816187, -0.1345175, 0.1173372, -0.06754093,-0.09960842, -0.1742758, -0.1788848, 0.9631751,-0.5379854, -0.04284466, -0.2287502, 0.8101909,0.9019751, -0.0940863, 0.2128617, -0.3637012,0.9705818, -0.1562323, 0.172493, -0.06171495,-0.05794419, -0.2474896, -0.2425291, 0.9362537,-0.4879253, -0.02773222, -0.295776, 0.820778,0.8622175, -0.1415982, 0.261156, -0.4102785,0.9488595, -0.2189889, 0.2007396, -0.1068324,1695797845612
0.04182349, 0.1106974, 0.4540326, 0.8830919,-0.099388, 0.2492614, 0.4702391, 0.8407532,-0.3259924, 0.1108489, 0.5205464, 0.7813277,-0.4925491, -0.00843349, 0.5321512, 0.6885778,-0.1074088, -0.01894203, -0.07569702, 0.9911481,-0.5817744, -0.02279967, -0.09376135, 0.8076061,0.9418702, -0.03567903, 0.08965502, -0.3218221,0.9952496, -0.06179332, 0.07411209, -0.0129291,-0.1052018, -0.09619088, -0.1524387, 0.9779787,-0.5688429, -0.005949019, -0.1784643, 0.8028281,0.9209001, -0.09502622, 0.1511784, -0.346494,0.9816688, -0.1345333, 0.1174124, -0.06664436,-0.09966137, -0.1744387, -0.1788323, 0.9631499,-0.5384919, -0.04288075, -0.2288071, 0.8098364,0.9021981, -0.09409216, 0.2129274, -0.3631077,0.9706309, -0.1563269, 0.1724916, -0.06069668,-0.05798145, -0.2476522, -0.2424652, 0.9362249,-0.4884546, -0.02766133, -0.2957886, 0.8204609,0.8624943, -0.1416727, 0.2611223, -0.409692,0.9489666, -0.2191177, 0.2006078, -0.1058598,1695797845630
0.04175238, 0.1106642, 0.4542347, 0.8829955,-0.09981935, 0.2490622, 0.4705122, 0.8406083,-0.3262405, 0.1106672, 0.5207365, 0.7811232,-0.4926855, -0.008607016, 0.5322966, 0.6883656,-0.1074212, -0.01902702, -0.07547627, 0.9911619,-0.5821021, -0.02286908, -0.09358758, 0.8073881,0.942038, -0.03552927, 0.08955055, -0.3213764,0.9952723, -0.06162979, 0.07404998, -0.01230158,-0.1051916, -0.09627621, -0.1522192, 0.9780056,-0.5692188, -0.006029614, -0.1783093, 0.8025954,0.9210705, -0.09486796, 0.1510981, -0.3461194,0.9817473, -0.1344, 0.1173337, -0.06589071,-0.09963141, -0.1745225, -0.1786142, 0.9631783,-0.538966, -0.04292124, -0.2286783, 0.8095552,0.9024279, -0.09398476, 0.2128447, -0.3626126,0.9707143, -0.1562592, 0.1723922, -0.05981491,-0.0579304, -0.2477262, -0.2422492, 0.9362645,-0.4889677, -0.02755319, -0.2956062, 0.8202246,0.8628136, -0.1416767, 0.2609021, -0.4091583,0.9491285, -0.2191147, 0.200327, -0.1049424,1695797845647
0.04188656, 0.1104545, 0.4542238, 0.8830209,-0.1000048, 0.2487593, 0.4705994, 0.8406271,-0.3263407, 0.1104075, 0.5207257, 0.7811253,-0.4928088, -0.008877159, 0.5322276, 0.6883273,-0.1072029, -0.0191317, -0.07553831, 0.9911788,-0.5822319, -0.02281875, -0.09368129, 0.8072851,0.9421458, -0.03564176, 0.08959099, -0.3210364,0.9952703, -0.06175724, 0.07404676, -0.01183784,-0.1049699, -0.0963631, -0.1522967, 0.9780088,-0.5693501, -0.006006017, -0.1784251, 0.8024767,0.9211497, -0.09496853, 0.1511707, -0.3458492,0.9817662, -0.1345548, 0.1173313, -0.06529528,-0.09941295, -0.1746022, -0.1787069, 0.9631693,-0.5391673, -0.04283826, -0.2288131, 0.8093874,0.90254, -0.09415352, 0.2128982, -0.3622582,0.9707299, -0.156497, 0.1723346, -0.05910056,-0.05771286, -0.2477908, -0.2423509, 0.9362345,-0.4892043, -0.02735013, -0.2956969, 0.8200576,0.8629689, -0.1419289, 0.2608465, -0.4087787,0.9491893, -0.2194078, 0.2001123, -0.1041873,1695797845665
0.04195214, 0.1104105, 0.4541204, 0.8830765,-0.1002724, 0.248631, 0.4706012, 0.8406323,-0.3265385, 0.1103242, 0.5206836, 0.7810824,-0.4930148, -0.008966567, 0.5321677, 0.688225,-0.1071408, -0.01912422, -0.07566525, 0.991176,-0.5824828, -0.02271841, -0.09380114, 0.8070929,0.9422883, -0.0358067, 0.08962511, -0.3205901,0.9952688, -0.06193758, 0.074017, -0.01119497,-0.1049175, -0.09635083, -0.1524269, 0.9779953,-0.5695845, -0.005910377, -0.1785525, 0.8022828,0.9212667, -0.09513287, 0.151214, -0.3454733,0.9817911, -0.1347634, 0.1172807, -0.06457704,-0.09937111, -0.1745887, -0.1788402, 0.9631513,-0.5394615, -0.04266758, -0.2289415, 0.8091641,0.9026753, -0.09437818, 0.2129026, -0.3618599,0.9707526, -0.1567702, 0.1722146, -0.05834975,-0.05768126, -0.2477783, -0.2424851, 0.936205,-0.4895091, -0.02711654, -0.2958035, 0.819845,0.8631298, -0.1421989, 0.2607958, -0.4083773,0.9492414, -0.2197068, 0.1999097, -0.1034686,1695797845681
0.04143224, 0.1103677, 0.4538389, 0.8832511,-0.1010065, 0.2486312, 0.4702894, 0.8407188,-0.3271027, 0.1105201, 0.5203604, 0.7810341,-0.4936846, -0.008804431, 0.5318948, 0.6879578,-0.1075987, -0.01941002, -0.07595611, 0.9910986,-0.5828869, -0.02312041, -0.09429888, 0.8067317,0.9423576, -0.03575291, 0.09026939, -0.3202114,0.9952184, -0.06209917, 0.07463596, -0.01065283,-0.1053685, -0.09667021, -0.1526766, 0.9778764,-0.5699769, -0.006288451, -0.179027, 0.8018953,0.9213503, -0.09507478, 0.1518255, -0.3449976,0.981763, -0.1349383, 0.1178213, -0.06364859,-0.09982884, -0.1749181, -0.1790469, 0.9630058,-0.5398063, -0.04285469, -0.2292937, 0.8088245,0.9027051, -0.0943865, 0.2133151, -0.3615401,0.9707021, -0.1569742, 0.1725434, -0.05766637,-0.05812813, -0.2481418, -0.2426377, 0.9360415,-0.4898628, -0.02740359, -0.2961814, 0.8194877,0.8631282, -0.1421092, 0.2613032, -0.4080875,0.949177, -0.2198501, 0.2003505, -0.1029014,1695797845698
0.04101151, 0.1106103, 0.4535553, 0.8833861,-0.1014489, 0.248926, 0.4699654, 0.8407595,-0.3274142, 0.1109755, 0.5201116, 0.7810047,-0.4941097, -0.008403831, 0.5317528, 0.6877674,-0.1081191, -0.01940196, -0.0761969, 0.9910237,-0.5831531, -0.02320774, -0.09455448, 0.8065068,0.9423636, -0.03580685, 0.09053739, -0.3201119,0.9951937, -0.06223777, 0.07487062, -0.01050516,-0.1059034, -0.09670275, -0.152874, 0.9777845,-0.5702224, -0.006404645, -0.1792764, 0.8016641,0.9213594, -0.09508965, 0.1521151, -0.3448418,0.9817421, -0.1350654, 0.118061, -0.06325582,-0.1003765, -0.174966, -0.1792, 0.9629117,-0.540013, -0.04288423, -0.229455, 0.8086392,0.9026756, -0.09439716, 0.2134896, -0.3615081,0.9706724, -0.1570652, 0.1726823, -0.05750114,-0.0586818, -0.2482339, -0.2427468, 0.9359543,-0.4900945, -0.02749192, -0.2963604, 0.8192814,0.8630705, -0.1420487, 0.2615482, -0.4080735,0.9491262, -0.2198893, 0.2005842, -0.1028311,1695797845715
0.04061296, 0.110715, 0.4534705, 0.883435,-0.1018034, 0.2490409, 0.4698089, 0.8407701,-0.327634, 0.1112115, 0.5199748, 0.78097,-0.4943563, -0.008174285, 0.5316718, 0.6876555,-0.1085204, -0.01951738, -0.07624687, 0.9909737,-0.5832516, -0.02353208, -0.09472059, 0.8064067,0.9423014, -0.03561451, 0.09086999, -0.3202223,0.9951691, -0.06215964, 0.07524579, -0.01061651,-0.1062961, -0.0968486, -0.1528913, 0.9777248,-0.570325, -0.00669797, -0.1794157, 0.8015576,0.9213138, -0.09489331, 0.1524143, -0.3448856,0.9817186, -0.134978, 0.1183884, -0.06319547,-0.1007645, -0.1751216, -0.179184, 0.9628458,-0.5400403, -0.04310647, -0.2295101, 0.8085935,0.9025784, -0.09418957, 0.2136853, -0.3616894,0.9706406, -0.1569392, 0.1729253, -0.05765257,-0.05905659, -0.2484152, -0.2426956, 0.9358959,-0.4901228, -0.02776716, -0.296424, 0.8192322,0.8629323, -0.1417692, 0.2618009, -0.408301,0.9490672, -0.2197025, 0.2009204, -0.1031171,1695797845732
0.04059656, 0.1108502, 0.4530144, 0.8836527,-0.1016014, 0.2492882, 0.4693321, 0.8409875,-0.3274631, 0.1116036, 0.5195785, 0.7812495,-0.4942668, -0.00771451, 0.5313734, 0.6879557,-0.1086721, -0.01936859, -0.07672255, 0.9909232,-0.5831755, -0.02337134, -0.0951221, 0.8064192,0.9421999, -0.03596467, 0.09110969, -0.3204136,0.9951314, -0.06256123, 0.07536927, -0.01090697,-0.1064923, -0.09671266, -0.1533502, 0.977645,-0.5702682, -0.006481856, -0.1797841, 0.8015172,0.9211871, -0.09525339, 0.1526144, -0.3450362,0.9816378, -0.1353746, 0.1184823, -0.06342559,-0.1010003, -0.1749935, -0.1796255, 0.9627621,-0.5399713, -0.04284814, -0.2298347, 0.8085611,0.9024256, -0.09454032, 0.2138272, -0.361895,0.9705561, -0.1573031, 0.1729614, -0.05797295,-0.05933167, -0.2483191, -0.2431183, 0.9357942,-0.4900535, -0.02751237, -0.2967438, 0.8191665,0.8627331, -0.1420914, 0.2619615, -0.4085068,0.9489326, -0.2200327, 0.200996, -0.1035036,1695797845749
0.04069149, 0.1109957, 0.4527833, 0.8837485,-0.1014133, 0.2495333, 0.4691135, 0.8410594,-0.3273312, 0.1118796, 0.5194394, 0.7813578,-0.4942171, -0.007456467, 0.5312991, 0.6880517,-0.1087014, -0.01917332, -0.07695387, 0.9909059,-0.5829424, -0.02319407, -0.09524989, 0.8065777,0.9420823, -0.03617775, 0.09111354, -0.320734,0.9951186, -0.0627581, 0.0753122, -0.01133785,-0.1065541, -0.09652109, -0.1535777, 0.9776215,-0.5700403, -0.006313382, -0.1799076, 0.8016529,0.9210526, -0.09545257, 0.1526284, -0.3453339,0.9815872, -0.1355541, 0.1184554, -0.06387536,-0.1010861, -0.1748061, -0.1798493, 0.9627454,-0.5397375, -0.0426602, -0.2299308, 0.8086998,0.90227, -0.09472538, 0.2138111, -0.3622443,0.9705119, -0.1574531, 0.1729063, -0.05846855,-0.05944651, -0.2481476, -0.2433415, 0.9357744,-0.4898358, -0.02738469, -0.2968706, 0.8192551,0.8625388, -0.1422279, 0.2620177, -0.4088334,0.9488406, -0.2201503, 0.201037, -0.1040162,1695797845767
0.04094617, 0.1109846, 0.4527571, 0.8837516,-0.1011722, 0.2495212, 0.4691393, 0.8410777,-0.3271654, 0.1118202, 0.5194697, 0.7814156,-0.4941407, -0.007576831, 0.5313145, 0.6880934,-0.1084856, -0.01904478, -0.07699933, 0.9909285,-0.5825942, -0.02324401, -0.09530134, 0.8068218,0.9419218, -0.03616177, 0.09118638, -0.3211863,0.9951068, -0.06276486, 0.07538702, -0.01182739,-0.1063536, -0.09637666, -0.1536402, 0.9776478,-0.569703, -0.006310352, -0.1799371, 0.8018861,0.9209046, -0.09547206, 0.1526508, -0.3457131,0.98155, -0.1355696, 0.1184823, -0.06436125,-0.1008959, -0.1746576, -0.1799294, 0.9627773,-0.539344, -0.0425606, -0.2299137, 0.8089724,0.9020835, -0.09478858, 0.2137448, -0.3627307,0.9704834, -0.1574761, 0.172838, -0.05907866,-0.05927306, -0.2479898, -0.2434412, 0.9358013,-0.4894484, -0.02736156, -0.2968939, 0.8194789,0.862308, -0.142239, 0.2620357, -0.4093045,0.9487667, -0.2201473, 0.2010717, -0.1046285,1695797845785
0.04113614, 0.1109871, 0.4528028, 0.883719,-0.100804, 0.2495328, 0.4691737, 0.8410993,-0.326952, 0.1117324, 0.5195252, 0.7814806,-0.4940005, -0.007715889, 0.5313483, 0.6881664,-0.1083203, -0.018946, -0.0769591, 0.9909516,-0.5823286, -0.02324716, -0.09524538, 0.80702,0.9418365, -0.03613155, 0.09114068, -0.3214527,0.9951084, -0.06272032, 0.07535432, -0.01212826,-0.1061948, -0.09626573, -0.153614, 0.9776801,-0.5694169, -0.006289727, -0.1798694, 0.8021047,0.9208072, -0.09545895, 0.1525784, -0.3460079,0.9815296, -0.1355131, 0.1184431, -0.06486219,-0.1007394, -0.1745433, -0.1799177, 0.9628166,-0.5390042, -0.04252858, -0.2298334, 0.8092234,0.9019618, -0.09477957, 0.2136561, -0.363088,0.9704705, -0.1574097, 0.1727839, -0.05962374,-0.05912448, -0.2478654, -0.2434469, 0.9358422,-0.4890859, -0.02738085, -0.2968363, 0.8197155,0.8621303, -0.1421859, 0.2620012, -0.4097192,0.9487155, -0.2200496, 0.2010961, -0.1052494,1695797845802
0.04128525, 0.1110774, 0.4527694, 0.8837178,-0.1005175, 0.2496183, 0.4691444, 0.8411245,-0.3268228, 0.1117299, 0.5195404, 0.7815248,-0.4938908, -0.007726615, 0.5313625, 0.688234,-0.1082462, -0.01878722, -0.07698606, 0.9909606,-0.5821555, -0.0230919, -0.09518421, 0.8071566,0.9417715, -0.03622203, 0.09100129, -0.3216725,0.9951148, -0.06276105, 0.07519522, -0.01238162,-0.1061365, -0.09610233, -0.1536475, 0.9776972,-0.5692154, -0.006168474, -0.1798184, 0.80226,0.9207242, -0.09552955, 0.152469, -0.3462575,0.9815125, -0.1355313, 0.1183384, -0.06527267,-0.1006896, -0.17438, -0.1799582, 0.9628438,-0.5387493, -0.04242808, -0.2297792, 0.8094137,0.9018485, -0.09482563, 0.2135573, -0.3634153,0.9704561, -0.1573925, 0.1727027, -0.06013687,-0.05908949, -0.2477024, -0.2434989, 0.935874,-0.4888164, -0.02733923, -0.2968098, 0.8198872,0.8619652, -0.1421825, 0.2619688, -0.4100883,0.9486616, -0.2200004, 0.2011053, -0.1058194,1695797845819
0.04139545, 0.1112349, 0.452727, 0.8837146,-0.1003191, 0.2496991, 0.4691233, 0.841136,-0.3267507, 0.1117365, 0.5195587, 0.7815419,-0.4937682, -0.007680834, 0.5313824, 0.6883071,-0.1082403, -0.01859162, -0.07700711, 0.9909633,-0.5821117, -0.02280211, -0.09505773, 0.8072113,0.941734, -0.03637583, 0.09073426, -0.3218403,0.9951305, -0.06281877, 0.07489799, -0.01262274,-0.1061488, -0.09590771, -0.1536701, 0.9777114,-0.5690905, -0.005997238, -0.1797329, 0.8023691,0.9206227, -0.09559769, 0.1523187, -0.3465745,0.981495, -0.1355315, 0.1181995, -0.06578479,-0.1007105, -0.1741879, -0.1799829, 0.9628718,-0.5385852, -0.0423005, -0.2297008, 0.8095518,0.901729, -0.09485014, 0.2134368, -0.363776,0.9704432, -0.1573399, 0.172615, -0.06072947,-0.05912623, -0.2475158, -0.2435319, 0.9359125,-0.4886689, -0.02726893, -0.2967658, 0.8199934,0.8618035, -0.1421539, 0.2619271, -0.4104646,0.9486056, -0.2199103, 0.2011293, -0.1064607,1695797845836
0.04152682, 0.1110699, 0.45273, 0.8837277,-0.1000854, 0.2494783, 0.4691224, 0.8412298,-0.3266205, 0.1114786, 0.5195073, 0.7816673,-0.4937311, -0.007968306, 0.5312738, 0.6884143,-0.1080452, -0.0186614, -0.07704465, 0.9909804,-0.5818598, -0.02279708, -0.09510791, 0.8073871,0.9416072, -0.03640249, 0.09077489, -0.3221965,0.9951202, -0.06285205, 0.07493225, -0.01306334,-0.1059513, -0.09596176, -0.1537218, 0.9777194,-0.5687416, -0.006080174, -0.179811, 0.8025983,0.9204348, -0.09556075, 0.1524372, -0.3470315,0.9814333, -0.1355057, 0.1183519, -0.06648131,-0.1005155, -0.1742358, -0.1800487, 0.9628713,-0.5381537, -0.04238784, -0.2297627, 0.8098166,0.9014884, -0.09479305, 0.2135461, -0.3643227,0.9703743, -0.1572835, 0.1727702, -0.06153041,-0.05893255, -0.2475502, -0.2436074, 0.935896,-0.4882245, -0.02744079, -0.2968593, 0.8202185,0.8614765, -0.1420103, 0.2621288, -0.4110715,0.948472, -0.2197975, 0.2014136, -0.1073433,1695797845854
0.04132183, 0.1110318, 0.4527888, 0.8837119,-0.1004095, 0.2493492, 0.4691743, 0.8412005,-0.3268816, 0.1113686, 0.5195158, 0.7815682,-0.4940339, -0.008131903, 0.5312564, 0.6882085,-0.1081892, -0.01880813, -0.07697589, 0.9909672,-0.5818416, -0.02299077, -0.09511564, 0.8073938,0.9415465, -0.03623491, 0.0908988, -0.3223579,0.9951122, -0.06272899, 0.07510415, -0.01326701,-0.1060773, -0.09611866, -0.1536417, 0.9777029,-0.5686954, -0.006355966, -0.1798443, 0.8026214,0.9203654, -0.09533147, 0.1526313, -0.3471932,0.9814059, -0.1353285, 0.1186195, -0.06676921,-0.1006295, -0.1743945, -0.1799569, 0.9628478,-0.5380442, -0.04262784, -0.2297488, 0.8098808,0.9013724, -0.09455086, 0.2136861, -0.3645904,0.9703434, -0.157083, 0.172993, -0.0619044,-0.0590284, -0.2477121, -0.243501, 0.9358748,-0.4881358, -0.02771554, -0.2968546, 0.8202637,0.8613213, -0.1417112, 0.2623142, -0.4113816,0.9484196, -0.2195626, 0.2017005, -0.1077474,1695797845871
0.04134118, 0.1109399, 0.4530215, 0.8836033,-0.1005927, 0.2491608, 0.4694439, 0.8410841,-0.3270307, 0.1111103, 0.5197242, 0.781404,-0.4941616, -0.008445227, 0.5314014, 0.6880012,-0.1080908, -0.01889763, -0.07673857, 0.9909947,-0.5817353, -0.02313449, -0.09493522, 0.8074876,0.941498, -0.03600885, 0.09083647, -0.3225423,0.9951232, -0.0624924, 0.07511724, -0.01348852,-0.1059555, -0.09619987, -0.1534145, 0.9777439,-0.5686112, -0.006516801, -0.1796765, 0.8027173,0.9203297, -0.09509566, 0.1525875, -0.3473718,0.9814134, -0.1350728, 0.1186653, -0.0670934,-0.1004877, -0.1744709, -0.1797398, 0.9628893,-0.5379529, -0.04279586, -0.2295891, 0.8099778,0.9013318, -0.09431032, 0.2136545, -0.3647716,0.9703566, -0.1568297, 0.1730523, -0.06217305,-0.05886634, -0.2477707, -0.2432943, 0.9359233,-0.488064, -0.0278042, -0.2966636, 0.8203726,0.8612976, -0.141516, 0.2622129, -0.4115629,0.9484553, -0.219343, 0.2016706, -0.1079357,1695797845889
0.04137952, 0.1110192, 0.453209, 0.8834953,-0.1006118, 0.2492041, 0.4696455, 0.8409564,-0.3270532, 0.1110707, 0.5199354, 0.7812597,-0.4941523, -0.008532176, 0.5315983, 0.6878546,-0.1080708, -0.01882807, -0.07651734, 0.9910153,-0.581795, -0.02308798, -0.094676, 0.8074763,0.9415091, -0.03588817, 0.09060153, -0.3225895,0.9951481, -0.06230266, 0.07493316, -0.01355582,-0.1059264, -0.09612929, -0.153198, 0.9777879,-0.5687001, -0.006473227, -0.1794261, 0.8027108,0.9203694, -0.09497844, 0.1523638, -0.3473969,0.9814576, -0.1348941, 0.1184872, -0.06712189,-0.1004446, -0.1743999, -0.1795289, 0.9629459,-0.5381004, -0.04278746, -0.2293759, 0.8099406,0.9014184, -0.09418853, 0.2134774, -0.3646927,0.9704145, -0.1566599, 0.1729212, -0.06206225,-0.05881399, -0.2476918, -0.2430947, 0.9359993,-0.4882373, -0.02763942, -0.2963923, 0.8203731,0.8614561, -0.1415114, 0.2618909, -0.4114377,0.9485721, -0.2192482, 0.2013519, -0.1076969,1695797845906
0.04158941, 0.1108814, 0.453463, 0.8833725,-0.1005555, 0.2490478, 0.4699469, 0.8408411,-0.3270125, 0.1108079, 0.5201889, 0.7811452,-0.4940798, -0.008839697, 0.5317864, 0.6877574,-0.1077857, -0.01885701, -0.07627638, 0.9910644,-0.5816905, -0.02304985, -0.09442943, 0.8075815,0.9415125, -0.03578455, 0.09037521, -0.3226546,0.9951707, -0.062129, 0.07475426, -0.01367976,-0.1056237, -0.09613581, -0.1529821, 0.9778538,-0.568651, -0.00643907, -0.1791978, 0.8027968,0.920397, -0.09488796, 0.1521499, -0.347442,0.981498, -0.1347473, 0.1183067, -0.06714444,-0.1001258, -0.1743973, -0.1793386, 0.9630151,-0.5381441, -0.04279575, -0.2292124, 0.8099575,0.9015057, -0.09411384, 0.2133364, -0.3645787,0.9704655, -0.1565562, 0.1728004, -0.06186114,-0.0584829, -0.2476602, -0.2429307, 0.936071,-0.4882899, -0.02745688, -0.2961539, 0.820434,0.8616198, -0.1415857, 0.2615617, -0.4112789,0.9486917, -0.2192422, 0.2009823, -0.1073457,1695797845923
0.04189863, 0.1106452, 0.4537309, 0.8832499,-0.1003455, 0.248827, 0.470257, 0.8407581,-0.3267886, 0.1105101, 0.5204268, 0.7811227,-0.4938354, -0.009166901, 0.5319516, 0.6878009,-0.1073646, -0.01891742, -0.07604545, 0.9911267,-0.5815073, -0.0228886, -0.09415516, 0.80775,0.941554, -0.03578367, 0.09004781, -0.322625,0.9951994, -0.06201822, 0.07445013, -0.01374676,-0.1051839, -0.09616296, -0.1527864, 0.9779291,-0.5685307, -0.006335902, -0.1789689, 0.8029339,0.9204288, -0.09486939, 0.1518875, -0.3474777,0.9815381, -0.1346527, 0.1180622, -0.06717925,-0.09967104, -0.1744112, -0.1791786, 0.9630895,-0.5381578, -0.04278127, -0.2290846, 0.8099853,0.9016205, -0.09410494, 0.2132, -0.3643768,0.9705157, -0.1565183, 0.1726615, -0.06155751,-0.05801694, -0.2476355, -0.2428051, 0.936139,-0.4882999, -0.02724305, -0.2959462, 0.8205101,0.8617996, -0.1417303, 0.2612257, -0.4110658,0.9488078, -0.2192987, 0.2005852, -0.1069459,1695797845941
0.04206609, 0.1107532, 0.4538947, 0.8831443,-0.1002223, 0.2489232, 0.4704566, 0.8406327,-0.3266813, 0.1105176, 0.5206516, 0.7810167,-0.4936454, -0.009162434, 0.5321731, 0.687766,-0.1072542, -0.01875272, -0.07585174, 0.9911566,-0.5816942, -0.02248524, -0.09378312, 0.8076701,0.9417, -0.03590861, 0.0895066, -0.3223355,0.9952475, -0.06196487, 0.07390003, -0.01347651,-0.1050749, -0.09599087, -0.1526048, 0.9779861,-0.5687265, -0.005995843, -0.1786364, 0.8028719,0.9205608, -0.09496716, 0.1514204, -0.3473051,0.9816197, -0.1346203, 0.1175767, -0.06690251,-0.09955446, -0.1742375, -0.1790102, 0.9631643,-0.5384899, -0.04259447, -0.2288712, 0.8098348,0.9018517, -0.09416317, 0.2129075, -0.3639605,0.9706092, -0.1564968, 0.1723516, -0.0610028,-0.05790177, -0.2474515, -0.2426577, 0.9362331,-0.488655, -0.02688248, -0.2956745, 0.8204086,0.8621268, -0.1419353, 0.2607689, -0.4105988,0.948978, -0.2193687, 0.2000586, -0.1062767,1695797845958
0.04217815, 0.1108076, 0.4539622, 0.8830974,-0.1000701, 0.2489543, 0.4705357, 0.8405973,-0.3265651, 0.1104993, 0.5207418, 0.7810078,-0.4934681, -0.009152574, 0.5322578, 0.6878278,-0.1071776, -0.01865367, -0.07577235, 0.9911729,-0.5819566, -0.02217485, -0.09358311, 0.8075128,0.9418402, -0.03605083, 0.08916198, -0.3220053,0.9952781, -0.06199285, 0.07352828, -0.01311915,-0.1050016, -0.09588657, -0.152533, 0.9780154,-0.5689383, -0.005714591, -0.1784547, 0.8027643,0.9206748, -0.09509801, 0.1511128, -0.3471012,0.9816737, -0.1346634, 0.1172369, -0.0666193,-0.09947958, -0.1741321, -0.1789466, 0.963203,-0.5387828, -0.04243522, -0.2287809, 0.8096738,0.9020257, -0.09425715, 0.2127369, -0.3636045,0.9706662, -0.1565438, 0.1721495, -0.06054442,-0.0578304, -0.2473405, -0.2426063, 0.9362801,-0.4889564, -0.02662394, -0.2955516, 0.8202817,0.8623559, -0.1421131, 0.2605061, -0.4102227,0.9490791, -0.2194649, 0.1997366, -0.1057794,1695797845975
0.04253756, 0.1107836, 0.4540332, 0.8830466,-0.09955661, 0.2488851, 0.4706348, 0.8406233,-0.3262105, 0.1103174, 0.5208368, 0.7811183,-0.4931092, -0.009321464, 0.5323101, 0.6880425,-0.1068524, -0.01848951, -0.07571861, 0.9912151,-0.5821037, -0.02170013, -0.09335203, 0.8074465,0.9419805, -0.03632054, 0.08869226, -0.3216944,0.9953139, -0.06209937, 0.07300114, -0.01283096,-0.1046885, -0.09569824, -0.1525063, 0.9780716,-0.5689736, -0.005277243, -0.1782464, 0.8027885,0.9207435, -0.09535527, 0.1506885, -0.3470328,0.9817141, -0.1347773, 0.1167678, -0.06661754,-0.09917179, -0.1739367, -0.1789478, 0.9632698,-0.5389274, -0.04215555, -0.2287011, 0.8096147,0.9021681, -0.09447584, 0.2124984, -0.3633339,0.9707125, -0.1566662, 0.1718632, -0.06029876,-0.05753764, -0.2471256, -0.2426395, 0.9363463,-0.4890999, -0.02622426, -0.2954343, 0.8202512,0.8625451, -0.1424352, 0.2601563, -0.4099352,0.9491599, -0.2196476, 0.199309, -0.1054813,1695797845993
0.04275423, 0.1106331, 0.4540074, 0.8830683,-0.09918188, 0.248789, 0.4705989, 0.8407162,-0.3260191, 0.1101392, 0.5207962, 0.7812505,-0.4929022, -0.0094473, 0.5322312, 0.6882501,-0.1065972, -0.01849893, -0.07578968, 0.991237,-0.5822574, -0.02126147, -0.09328419, 0.8073552,0.9421502, -0.03666576, 0.08837201, -0.3212462,0.9953346, -0.06232075, 0.07259556, -0.01245019,-0.1044388, -0.09568769, -0.1525962, 0.9780853,-0.5690488, -0.004972289, -0.1782416, 0.8027382,0.9208263, -0.09562641, 0.1505004, -0.34682,0.981729, -0.1349775, 0.1165155, -0.0664333,-0.09892984, -0.1739192, -0.1790566, 0.9632776,-0.5391375, -0.04197259, -0.2288042, 0.8094552,0.9023374, -0.0947355, 0.2124576, -0.3628693,0.9707298, -0.1569085, 0.1717346, -0.05975477,-0.05730492, -0.2470934, -0.2427639, 0.9363368,-0.4893111, -0.02593214, -0.2954958, 0.8201125,0.8627415, -0.1427745, 0.2600109, -0.4094959,0.9492095, -0.2199349, 0.1990449, -0.104934,1695797846011
0.04277314, 0.1105703, 0.4539168, 0.8831218,-0.09919652, 0.2487327, 0.4705226, 0.8407738,-0.3260488, 0.1101062, 0.5207073, 0.781302,-0.4928628, -0.009397884, 0.5321383, 0.6883507,-0.1065629, -0.01853329, -0.07590356, 0.9912313,-0.5825705, -0.02096177, -0.09331135, 0.807134,0.9423121, -0.0369354, 0.08821667, -0.3207826,0.9953449, -0.06253125, 0.07236192, -0.01192473,-0.1044096, -0.09571911, -0.1527111, 0.9780674,-0.5693403, -0.004793882, -0.1783267, 0.8025137,0.9209417, -0.09582163, 0.1504712, -0.3464722,0.9817492, -0.1351738, 0.1164105, -0.06591678,-0.09890836, -0.1739496, -0.1791722, 0.9632528,-0.5395441, -0.04182143, -0.2289429, 0.8091528,0.9025217, -0.09495025, 0.2124814, -0.3623406,0.9707508, -0.1571574, 0.171655, -0.05898251,-0.05728918, -0.247125, -0.2428769, 0.9363002,-0.4897248, -0.02570282, -0.295604, 0.8198337,0.86295, -0.1430378, 0.2599665, -0.4089926,0.9492593, -0.2202022, 0.1988802, -0.1042326,1695797846028
0.04235964, 0.1105706, 0.4539838, 0.8831073,-0.09975285, 0.2486781, 0.4705471, 0.8407104,-0.326496, 0.1100938, 0.520706, 0.7811177,-0.4931651, -0.009338281, 0.5321355, 0.6881372,-0.1069007, -0.01875929, -0.07580661, 0.9911981,-0.583102, -0.02100172, -0.09325423, 0.8067555,0.9425092, -0.03686501, 0.08819521, -0.3202171,0.9953575, -0.06246473, 0.07235732, -0.01122895,-0.1047195, -0.09596983, -0.1525876, 0.978029,-0.5698557, -0.004957385, -0.1783208, 0.8021481,0.9211149, -0.09566136, 0.1505716, -0.3460123,0.9817976, -0.1350767, 0.1165211, -0.06519606,-0.09919934, -0.1742064, -0.1790213, 0.9632046,-0.540126, -0.04201958, -0.2289573, 0.8087502,0.9027417, -0.09477602, 0.2126138, -0.36176,0.9707916, -0.1570788, 0.1717946, -0.05810826,-0.05755036, -0.2473948, -0.2426951, 0.93626,-0.4903185, -0.02585782, -0.2955931, 0.8194778,0.8632095, -0.14288, 0.2600562, -0.4084428,0.9493417, -0.2201152, 0.1989804, -0.1034718,1695797846047
0.04246781, 0.1104512, 0.4543309, 0.8829386,-0.09978018, 0.2484794, 0.4709189, 0.8405578,-0.3264553, 0.1098175, 0.5210055, 0.780974,-0.4930157, -0.009614635, 0.5323665, 0.6880617,-0.1066963, -0.01883555, -0.07545295, 0.9912457,-0.5831247, -0.02111729, -0.09295611, 0.8067706,0.9425742, -0.03660858, 0.08801471, -0.3201048,0.9953852, -0.06217068, 0.07226053, -0.01102215,-0.1044854, -0.09602959, -0.1522537, 0.9781002,-0.5699236, -0.005077686, -0.1780412, 0.8021613,0.9212049, -0.09541669, 0.1503999, -0.345915,0.9818667, -0.1348127, 0.1164045, -0.06490956,-0.09893809, -0.1742582, -0.1787079, 0.9632803,-0.5402515, -0.04212709, -0.2287139, 0.8087296,0.9028934, -0.09458482, 0.2124581, -0.3615229,0.9708734, -0.1568862, 0.1716725, -0.05762012,-0.05726425, -0.2474175, -0.2424036, 0.9363471,-0.4904454, -0.02590561, -0.2953315, 0.8194947,0.8634047, -0.1427459, 0.2598373, -0.4082163,0.9494702, -0.2199519, 0.1987787, -0.1030269,1695797846064
0.04211989, 0.1102921, 0.4545661, 0.882854,-0.10046, 0.2482356, 0.4711476, 0.8404206,-0.3268786, 0.1096491, 0.5211315, 0.7807364,-0.493365, -0.009799203, 0.5324519, 0.6877427,-0.106872, -0.01917724, -0.07520564, 0.991239,-0.5832887, -0.0216445, -0.09294911, 0.8066388,0.9426376, -0.03617634, 0.08831362, -0.319885,0.9953797, -0.0618708, 0.07266378, -0.01054768,-0.104614, -0.0963825, -0.1519935, 0.9780921,-0.5702225, -0.005573685, -0.1780325, 0.8019474,0.9213644, -0.09501447, 0.1506615, -0.3454865,0.9819193, -0.1345462, 0.1167217, -0.06409195,-0.09903401, -0.1746106, -0.1784341, 0.9632573,-0.5405294, -0.04251177, -0.2286523, 0.8085411,0.9030476, -0.09425128, 0.2126166, -0.3611315,0.9709231, -0.1567017, 0.1718538, -0.05673828,-0.05731526, -0.2477633, -0.2421098, 0.9363286,-0.4906859, -0.02632023, -0.2952662, 0.819361,0.8635604, -0.1423843, 0.260003, -0.4079075,0.9495548, -0.2197392, 0.1989712, -0.1023273,1695797846080
0.04151874, 0.110601, 0.4546703, 0.8827902,-0.1012161, 0.2484853, 0.4711939, 0.8402302,-0.3273906, 0.1099854, 0.5212214, 0.7804145,-0.4936981, -0.009418781, 0.5326161, 0.6873817,-0.1075195, -0.01924597, -0.07499424, 0.9911836,-0.583752, -0.02190961, -0.09280507, 0.806313,0.9427407, -0.03585301, 0.08835934, -0.3196048,0.9953927, -0.06159363, 0.07279449, -0.01003258,-0.1052376, -0.09650123, -0.1517341, 0.9780539,-0.5707484, -0.005795522, -0.1778638, 0.8016091,0.921558, -0.09471303, 0.1506604, -0.3450534,0.9819998, -0.1342951, 0.1167644, -0.06330396,-0.09963222, -0.1747455, -0.1781262, 0.9632282,-0.5410299, -0.04277493, -0.22846, 0.8082469,0.9032434, -0.09389576, 0.21262, -0.3607321,0.9710001, -0.1564195, 0.1719204, -0.05599221,-0.05788127, -0.2479318, -0.2417593, 0.9363397,-0.4911644, -0.02655671, -0.2950473, 0.8191455,0.8637919, -0.1420365, 0.2599688, -0.4075604,0.9496791, -0.2194375, 0.1990109, -0.1017419,1695797846098
0.04196315, 0.1106447, 0.4545466, 0.8828274,-0.100633, 0.2485153, 0.4711342, 0.8403248,-0.3269046, 0.109998, 0.5211792, 0.7806447,-0.4932002, -0.009338473, 0.5325788, 0.6877691,-0.1071868, -0.01896106, -0.07514709, 0.9912136,-0.5835482, -0.02150441, -0.09278385, 0.8064739,0.9426984, -0.03617965, 0.088104, -0.319763,0.9954022, -0.06182699, 0.07244795, -0.01016144,-0.1049416, -0.09619246, -0.1519128, 0.9780883,-0.5705349, -0.005295021, -0.1778092, 0.8017766,0.9215177, -0.09511607, 0.1503233, -0.345197,0.9820026, -0.1345827, 0.1163256, -0.0634572,-0.09936143, -0.1744319, -0.1783316, 0.963275,-0.5408665, -0.04238643, -0.2284881, 0.8083687,0.9032379, -0.09426756, 0.2124077, -0.3607741,0.9710096, -0.1567094, 0.1715971, -0.05600834,-0.05764817, -0.2476091, -0.2419963, 0.9363782,-0.4909693, -0.02607857, -0.2950425, 0.8192796,0.8637925, -0.1424874, 0.2596681, -0.4075934,0.9496906, -0.2197651, 0.1985787, -0.1017715,1695797846114
0.04165119, 0.1106724, 0.4544415, 0.8828928,-0.1008235, 0.2485947, 0.4709478, 0.8403829,-0.3270299, 0.1101747, 0.5210112, 0.7806793,-0.4932716, -0.009083344, 0.5324553, 0.6878169,-0.1074792, -0.01909351, -0.07524021, 0.9911723,-0.5837221, -0.02176513, -0.09299193, 0.8063172,0.9427223, -0.03608, 0.08842767, -0.3196146,0.9953802, -0.06184522, 0.07277629, -0.009847734,-0.1052274, -0.09634675, -0.1519811, 0.9780318,-0.5707731, -0.005453462, -0.1779717, 0.8015699,0.9216036, -0.09507744, 0.1505455, -0.3448815,0.9820095, -0.1346401, 0.1165148, -0.06287754,-0.09964644, -0.1745929, -0.1783744, 0.9632084,-0.5410808, -0.04250748, -0.22861, 0.8081845,0.9033183, -0.09424132, 0.2125747, -0.3604812,0.9710059, -0.1567769, 0.1717277, -0.05548188,-0.05792375, -0.2477898, -0.2420095, 0.9363101,-0.4911412, -0.02625436, -0.2951705, 0.8191248,0.8638664, -0.1424235, 0.2598663, -0.4073327,0.9496871, -0.2197934, 0.1987606, -0.1013879,1695797846131
0.04115168, 0.11096, 0.4542785, 0.882964,-0.1011927, 0.248974, 0.4706828, 0.8403747,-0.3272585, 0.110695, 0.5208426, 0.7806225,-0.4934162, -0.008487864, 0.5324081, 0.6877573,-0.1080707, -0.01910085, -0.07533427, 0.9911007,-0.5841575, -0.02200196, -0.09316114, 0.8059758,0.9427888, -0.03595958, 0.08871298, -0.3193526,0.9953641, -0.06183699, 0.07307032, -0.009343002,-0.1058215, -0.09640013, -0.152028, 0.9779552,-0.5712787, -0.005549225, -0.1780744, 0.8011862,0.9217539, -0.09503199, 0.1506991, -0.3444248,0.9820423, -0.134681, 0.116629, -0.06206189,-0.100241, -0.1746629, -0.1783734, 0.9631342,-0.5415341, -0.04257333, -0.2286571, 0.807864,0.9034498, -0.09417757, 0.2126668, -0.3601138,0.971027, -0.156786, 0.1717985, -0.05486365,-0.05851195, -0.2479027, -0.2419633, 0.9362555,-0.4915565, -0.02634526, -0.2952111, 0.8188581,0.8640194, -0.1423426, 0.2599659, -0.4069727,0.9497248, -0.219772, 0.1988567, -0.1008915,1695797846148
0.04089301, 0.1111626, 0.4541186, 0.8830328,-0.1014072, 0.2492772, 0.4704792, 0.840373,-0.3273054, 0.1111483, 0.5207071, 0.7806289,-0.4933965, -0.007963992, 0.532378, 0.6878009,-0.1084158, -0.01905208, -0.07545532, 0.9910548,-0.5843593, -0.02220437, -0.09334744, 0.8058023,0.942734, -0.03586908, 0.08899543, -0.3194461,0.9953424, -0.06184956, 0.0733581, -0.009307091,-0.1061772, -0.09637862, -0.152121, 0.9779043,-0.5715373, -0.005577265, -0.1781828, 0.8009775,0.9217631, -0.09503067, 0.150829, -0.3443437,0.9820415, -0.1347437, 0.1167233, -0.06176012,-0.1006038, -0.174652, -0.1784381, 0.9630864,-0.5417295, -0.04255749, -0.228714, 0.8077177,0.9034294, -0.09416439, 0.2127305, -0.3601307,0.9710203, -0.1568167, 0.1718422, -0.05475651,-0.05887938, -0.2479208, -0.2420019, 0.9362177,-0.4917375, -0.02624442, -0.2952194, 0.8187497,0.8640158, -0.1423712, 0.2599494, -0.4069809,0.9497316, -0.2198083, 0.1988154, -0.1008297,1695797846166
0.04087858, 0.1110581, 0.4539574, 0.8831295,-0.101377, 0.2492667, 0.4703012, 0.8404794,-0.3271996, 0.1112574, 0.5205179, 0.7807837,-0.4933801, -0.007855756, 0.5322174, 0.6879382,-0.1083989, -0.0191327, -0.07565401, 0.9910399,-0.5841848, -0.02251852, -0.09369294, 0.8058801,0.9425812, -0.03579709, 0.08946518, -0.3197739,0.9953003, -0.06193395, 0.07382165, -0.009582649,-0.1061672, -0.09645732, -0.152318, 0.9778669,-0.5714083, -0.005736934, -0.1784614, 0.8010063,0.9216429, -0.09504122, 0.1511573, -0.3445184,0.9819844, -0.1348628, 0.1170187, -0.06184772,-0.1006061, -0.1747299, -0.1786327, 0.9630359,-0.5415314, -0.04258417, -0.2289138, 0.8077925,0.903269, -0.09423215, 0.2129208, -0.3604028,0.9709604, -0.1569596, 0.1719844, -0.05496218,-0.05888928, -0.2480029, -0.242188, 0.9361472,-0.4915135, -0.02624958, -0.2953956, 0.8188205,0.8638176, -0.1424321, 0.2601167, -0.4072733,0.9496481, -0.219936, 0.1989365, -0.1010982,1695797846183
0.04121285, 0.1108444, 0.4539157, 0.8831622,-0.1011175, 0.2490263, 0.4703322, 0.8405645,-0.3268917, 0.1110721, 0.5204704, 0.7809708,-0.4931534, -0.008050287, 0.5321294, 0.6881666,-0.108015, -0.01913145, -0.07576224, 0.9910735,-0.583848, -0.02263389, -0.09387605, 0.8060995,0.9424516, -0.03581397, 0.08967923, -0.3200937,0.9952775, -0.06202037, 0.07401674, -0.009878874,-0.105793, -0.09642616, -0.1524547, 0.9778892,-0.5711164, -0.005742529, -0.1786078, 0.8011818,0.9215217, -0.09512842, 0.1512756, -0.3447666,0.9819418, -0.1349829, 0.117104, -0.06210189,-0.1002442, -0.1746885, -0.1787979, 0.9630505,-0.5412178, -0.04247346, -0.2290303, 0.8079755,0.9031328, -0.0944006, 0.2129493, -0.360683,0.9709238, -0.1571394, 0.1719479, -0.0552089,-0.05854246, -0.2479401, -0.2423774, 0.9361366,-0.4911926, -0.02609981, -0.2954964, 0.8189814,0.863655, -0.1426219, 0.2601121, -0.4075547,0.949596, -0.2201317, 0.19885, -0.1013317,1695797846201
0.04150955, 0.1106779, 0.4541019, 0.8830735,-0.1009455, 0.2488136, 0.4705821, 0.8405083,-0.3266172, 0.1108617, 0.5206394, 0.7810029,-0.4929107, -0.008306714, 0.5322468, 0.6882466,-0.1076524, -0.01913201, -0.07560679, 0.9911249,-0.5835938, -0.02281108, -0.09380569, 0.8062868,0.9423949, -0.0356406, 0.08971956, -0.3202686,0.9952786, -0.06187055, 0.07410727, -0.01003207,-0.1054216, -0.09639845, -0.1523294, 0.9779516,-0.5708984, -0.005826801, -0.1785106, 0.8013582,0.9214852, -0.09502418, 0.1512296, -0.344913,0.9819525, -0.1348756, 0.1170835, -0.06220314,-0.09986496, -0.1746502, -0.1787033, 0.9631144,-0.5410139, -0.04246038, -0.2289231, 0.8081431,0.9031167, -0.09438462, 0.2128384, -0.360793,0.9709482, -0.1571038, 0.1718343, -0.05523499,-0.05816025, -0.2478716, -0.2423133, 0.9361951,-0.4910022, -0.0260352, -0.2953764, 0.8191409,0.8636625, -0.142658, 0.2599495, -0.4076298,0.9496399, -0.2201362, 0.1986583, -0.1012867,1695797846219
0.0417507, 0.1104199, 0.4542539, 0.8830163,-0.1008534, 0.248482, 0.4707932, 0.8404993,-0.326466, 0.110525, 0.5207435, 0.7810444,-0.4927953, -0.008675729, 0.5322728, 0.6883045,-0.1072949, -0.019236, -0.07550449, 0.9911695,-0.5834141, -0.02298126, -0.09380791, 0.8064117,0.9423581, -0.03551356, 0.08981563, -0.3203641,0.9952736, -0.06178076, 0.07423744, -0.01012218,-0.1050502, -0.09647381, -0.1522554, 0.9779957,-0.5707266, -0.005923878, -0.1784926, 0.8014839,0.9214697, -0.09495842, 0.1512534, -0.3449622,0.9819584, -0.1348317, 0.1171115, -0.06215363,-0.09948599, -0.1747139, -0.1786579, 0.9631506,-0.540884, -0.0424901, -0.2289123, 0.8082315,0.9031079, -0.09438253, 0.2128337, -0.3608184,0.9709539, -0.1571191, 0.1718134, -0.05515601,-0.05777418, -0.2479047, -0.2422917, 0.9362158,-0.4908885, -0.02600539, -0.295346, 0.819221,0.8636772, -0.1427071, 0.259885, -0.4076225,0.9496624, -0.2201829, 0.1985573, -0.1011719,1695797846235
0.04217373, 0.1102922, 0.4542334, 0.8830227,-0.100659, 0.2482994, 0.4709044, 0.8405142,-0.326299, 0.1103085, 0.5208028, 0.7811053,-0.4926997, -0.008941479, 0.5322815, 0.6883628,-0.1068771, -0.01911693, -0.07557656, 0.9912114,-0.5832599, -0.0228228, -0.09383955, 0.806524,0.942396, -0.03568878, 0.08973879, -0.3202546,0.9952748, -0.06191923, 0.07411309, -0.01005997,-0.1046497, -0.09632301, -0.1523598, 0.9780372,-0.570613, -0.005734219, -0.1785267, 0.8015586,0.9215, -0.095171, 0.1511528, -0.3448666,0.9819596, -0.1350059, 0.1169534, -0.06205282,-0.09909973, -0.1745534, -0.1787952, 0.963194,-0.5408424, -0.04220768, -0.2289613, 0.8082603,0.9031744, -0.09469306, 0.2126923, -0.3606539,0.9709682, -0.1573793, 0.1715708, -0.05491797,-0.05740989, -0.2477221, -0.2424618, 0.9362426,-0.490863, -0.02565692, -0.2953815, 0.8192344,0.8637679, -0.1430829, 0.259684, -0.4074268,0.9496963, -0.2204967, 0.1982164, -0.1008383,1695797846254
0.04209561, 0.1103585, 0.4542735, 0.8829975,-0.1009689, 0.2482636, 0.4709961, 0.8404363,-0.3266117, 0.110225, 0.5208864, 0.7809306,-0.4929752, -0.009049042, 0.5323442, 0.6881158,-0.1069705, -0.01910634, -0.07551453, 0.9912062,-0.5836126, -0.02283466, -0.09379306, 0.806274,0.9425761, -0.03566262, 0.08970361, -0.3197371,0.9952851, -0.06188931, 0.07408289, -0.00943271,-0.1047393, -0.09631979, -0.1522914, 0.9780386,-0.5709356, -0.005744363, -0.1784818, 0.8013387,0.9216652, -0.09514658, 0.1511155, -0.3444481,0.9820033, -0.1349855, 0.1169088, -0.0614881,-0.09918404, -0.1745526, -0.1787204, 0.9631993,-0.5411795, -0.04216794, -0.2289108, 0.808051,0.9033557, -0.09471004, 0.2126224, -0.3602364,0.9710144, -0.1573953, 0.1714789, -0.05433952,-0.05748894, -0.2477256, -0.2423828, 0.9362572,-0.4912136, -0.02562116, -0.2953396, 0.8190405,0.8639808, -0.1431082, 0.2596188, -0.4070076,0.9497715, -0.2205223, 0.1981207, -0.1002611,1695797846271
0.04174713, 0.1102217, 0.454538, 0.882895,-0.1015592, 0.24804, 0.4712319, 0.840299,-0.3270831, 0.109985, 0.5210438, 0.7806621,-0.4934108, -0.009346232, 0.5324435, 0.6877226,-0.1071537, -0.01943224, -0.07523025, 0.9912018,-0.5838549, -0.02339825, -0.09376492, 0.8060857,0.9426709, -0.0351885, 0.09000614, -0.3194248,0.9952787, -0.06154162, 0.07451151, -0.00899597,-0.1048741, -0.0966576, -0.1519942, 0.9780371,-0.5712186, -0.00626612, -0.1784403, 0.8011424,0.9217918, -0.09469189, 0.1513726, -0.3441216,0.9820427, -0.1346506, 0.1172579, -0.06092645,-0.09928385, -0.1748902, -0.1784098, 0.9631854,-0.5414289, -0.04256717, -0.2288082, 0.807892,0.9034793, -0.09432743, 0.2127616, -0.3599444,0.971049, -0.1571093, 0.1717027, -0.05383941,-0.05754241, -0.248056, -0.2420534, 0.9362517,-0.4914763, -0.02607354, -0.2952545, 0.8188993,0.8641309, -0.1426917, 0.2597963, -0.4067219,0.9498355, -0.2202198, 0.1983893, -0.09978656,1695797846287
0.04188001, 0.1100168, 0.4548416, 0.8827579,-0.1016133, 0.2477619, 0.4715741, 0.8401825,-0.3270948, 0.1096297, 0.5212959, 0.7805389,-0.493461, -0.009800301, 0.5326087, 0.6875523,-0.1068914, -0.01956342, -0.07494325, 0.9912492,-0.5836335, -0.02363587, -0.09358616, 0.8062598,0.9426878, -0.03491848, 0.08998735, -0.3194099,0.9952898, -0.06127664, 0.07458014, -0.009011348,-0.1045823, -0.09676735, -0.1517303, 0.9780985,-0.5710551, -0.00647136, -0.1782607, 0.8012972,0.921839, -0.09446346, 0.1513123, -0.3440845,0.9820815, -0.1344232, 0.1172569, -0.06080508,-0.09896859, -0.1749899, -0.1781693, 0.9632443,-0.5412927, -0.04274189, -0.2286401, 0.8080217,0.9035464, -0.09415098, 0.2126941, -0.3598621,0.9710913, -0.1569363, 0.1716805, -0.05365105,-0.05720388, -0.2481238, -0.2418345, 0.9363111,-0.4913411, -0.02624677, -0.2950897, 0.8190342,0.864225, -0.1425399, 0.2597099, -0.4066305,0.9499067, -0.2200727, 0.1983302, -0.09955101,1695797846304
0.04261139, 0.1097486, 0.4551921, 0.8825756,-0.1009433, 0.2473979, 0.4720391, 0.8401094,-0.3265617, 0.1090648, 0.5216623, 0.7805964,-0.492968, -0.01044352, 0.5328392, 0.6877179,-0.1060864, -0.01943414, -0.07465034, 0.9913604,-0.5832371, -0.02350774, -0.09326191, 0.806588,0.9427519, -0.03489055, 0.08962727, -0.3193249,0.9953237, -0.06113325, 0.07425041, -0.008969381,-0.1037726, -0.0965762, -0.1515044, 0.9782386,-0.5706755, -0.006218208, -0.1779093, 0.8016477,0.9219043, -0.09455686, 0.150829, -0.3440959,0.9821449, -0.1343672, 0.1167727, -0.06083613,-0.09815011, -0.174777, -0.178012, 0.9633957,-0.5410129, -0.04253281, -0.2283965, 0.808289,0.9036728, -0.09430689, 0.212321, -0.3597241,0.971167, -0.1569644, 0.171278, -0.0534856,-0.0563918, -0.2478493, -0.2417491, 0.9364551,-0.4910401, -0.02594358, -0.294824, 0.81932,0.8643923, -0.1428082, 0.2592297, -0.406487,0.9500238, -0.2201806, 0.1977745, -0.0993004,1695797846323
0.04305458, 0.1094125, 0.455475, 0.8824499,-0.1005786, 0.2469826, 0.4723868, 0.8400799,-0.3263566, 0.1084675, 0.5219046, 0.7806034,-0.4927851, -0.01109179, 0.5329415, 0.6877596,-0.1054991, -0.01950905, -0.07442962, 0.9914382,-0.5830088, -0.02346153, -0.09306344, 0.8067772,0.9428732, -0.03486854, 0.08941719, -0.3190279,0.9953457, -0.06104266, 0.07406107, -0.008704189,-0.103167, -0.09660469, -0.1513314, 0.9783266,-0.5704544, -0.006154516, -0.1777233, 0.8018469,0.9220307, -0.09459197, 0.1505848, -0.3438544,0.982201, -0.1343401, 0.1165168, -0.06048014,-0.09753155, -0.1747873, -0.1778875, 0.9634796,-0.5408707, -0.0425062, -0.2282932, 0.8084147,0.9038562, -0.09440566, 0.2121606, -0.3593319,0.9712216, -0.1570251, 0.171078, -0.05295284,-0.05576513, -0.2478099, -0.2416697, 0.9365235,-0.4908741, -0.02592291, -0.2947325, 0.8194531,0.8646019, -0.1429486, 0.2590462, -0.4061088,0.9501116, -0.2202816, 0.1975229, -0.09873554,1695797846341
0.04325073, 0.1092502, 0.4556951, 0.8823467,-0.1005082, 0.2467411, 0.4726529, 0.8400096,-0.3263772, 0.1080905, 0.5221095, 0.7805101,-0.4927907, -0.01150998, 0.5330567, 0.6876594,-0.1052179, -0.01956262, -0.07422952, 0.991482,-0.5831466, -0.02349324, -0.09291106, 0.8066943,0.9430772, -0.0347935, 0.08929618, -0.3184667,0.9953646, -0.06093715, 0.07396661, -0.008059482,-0.102869, -0.09663588, -0.1511552, 0.9783821,-0.5706006, -0.00613544, -0.1775659, 0.8017778,0.9222556, -0.09458189, 0.1504046, -0.3433327,0.9822803, -0.1343095, 0.1163109, -0.05964934,-0.09721961, -0.1748092, -0.1777358, 0.9635352,-0.5410868, -0.04247068, -0.2281853, 0.8083024,0.9041433, -0.09447573, 0.2120061, -0.3586819,0.9712984, -0.1570801, 0.1708745, -0.0520305,-0.05544175, -0.2478039, -0.2415416, 0.9365773,-0.4910638, -0.02589791, -0.2946359, 0.819375,0.8649283, -0.1430511, 0.2588772, -0.4054849,0.9502335, -0.2203613, 0.1972864, -0.09785302,1695797846358
0.04318915, 0.1092536, 0.4557338, 0.8823293,-0.100758, 0.2467195, 0.4727237, 0.8399462,-0.3267088, 0.1079777, 0.5221868, 0.7803352,-0.4930942, -0.01165241, 0.5331064, 0.6874008,-0.1052656, -0.01959615, -0.07418263, 0.9914798,-0.5834073, -0.0234856, -0.09287625, 0.8065099,0.9433057, -0.03481409, 0.08924993, -0.3177998,0.9953735, -0.06094298, 0.07391566, -0.007345042,-0.1029103, -0.09667289, -0.151105, 0.9783819,-0.5708663, -0.006095641, -0.1775228, 0.8015985,0.9225065, -0.09464835, 0.1503103, -0.3426811,0.9823446, -0.1343737, 0.1161688, -0.05871541,-0.09725571, -0.1748469, -0.1776821, 0.9635346,-0.5414259, -0.04244253, -0.228173, 0.8080803,0.9044485, -0.09458197, 0.21194, -0.3579226,0.9713569, -0.1571964, 0.1707442, -0.05100499,-0.05547133, -0.2478421, -0.2414845, 0.9365802,-0.4914018, -0.02589912, -0.2946407, 0.8191705,0.8652793, -0.1431709, 0.2588166, -0.4047318,0.9503378, -0.2204972, 0.1971419, -0.09682042,1695797846375
0.04293188, 0.109384, 0.4556158, 0.8823866,-0.1011009, 0.2468574, 0.4725951, 0.8399369,-0.3271303, 0.1080824, 0.5221139, 0.7801929,-0.4934784, -0.01153809, 0.5330588, 0.6871639,-0.1055664, -0.01961171, -0.07427269, 0.9914407,-0.5839014, -0.02341777, -0.09295029, 0.8061457,0.943558, -0.03492963, 0.08926404, -0.3170334,0.9953749, -0.06106834, 0.07388373, -0.006387439,-0.1032144, -0.09671184, -0.1511705, 0.9783359,-0.57129, -0.005996345, -0.1775759, 0.8012856,0.9227679, -0.09479842, 0.1502745, -0.3419505,0.9824012, -0.134546, 0.1160454, -0.05760876,-0.09756275, -0.1748944, -0.1777226, 0.9634875,-0.5418564, -0.04241009, -0.2282496, 0.8077717,0.9047211, -0.09470753, 0.2119599, -0.3571879,0.9713928, -0.1573616, 0.1706864, -0.04999524,-0.05577705, -0.2479128, -0.2415002, 0.9365393,-0.4918044, -0.02592576, -0.2947364, 0.8188936,0.8655699, -0.1432737, 0.2588712, -0.4040384,0.950401, -0.2206481, 0.1971195, -0.09589703,1695797846391
0.04300114, 0.1094126, 0.4555672, 0.8824049,-0.1012365, 0.2468611, 0.4726155, 0.8399079,-0.3273492, 0.1080158, 0.5221479, 0.7800876,-0.493701, -0.01163608, 0.5330764, 0.6869887,-0.1055302, -0.01954615, -0.07432459, 0.991442,-0.5841481, -0.02329128, -0.09296744, 0.8059687,0.9437011, -0.03505528, 0.08919953, -0.3166113,0.9953794, -0.06117315, 0.07377855, -0.005866142,-0.1031874, -0.09664393, -0.151225, 0.978337,-0.5714524, -0.005848084, -0.1775821, 0.8011695,0.9229018, -0.094953, 0.1501784, -0.3415884,0.9824414, -0.1347021, 0.1158661, -0.05691546,-0.09754246, -0.1748265, -0.1777799, 0.9634913,-0.5420151, -0.04227331, -0.2282764, 0.8076649,0.9048643, -0.09487874, 0.2118848, -0.3568243,0.9714247, -0.1575419, 0.1705218, -0.04936559,-0.05576573, -0.2478462, -0.2415614, 0.9365418,-0.4919544, -0.02578578, -0.2947652, 0.8187975,0.8657224, -0.1434583, 0.2587879, -0.4036996,0.9504539, -0.2208375, 0.196932, -0.09532072,1695797846410
0.04278575, 0.1096251, 0.4556236, 0.8823598,-0.1016554, 0.2470556, 0.4726903, 0.8397581,-0.3277327, 0.108168, 0.522276, 0.7798197,-0.4940314, -0.01152936, 0.533235, 0.6866298,-0.1058114, -0.0194866, -0.0742073, 0.9914219,-0.5845872, -0.02328866, -0.09283426, 0.8056657,0.9438647, -0.03497503, 0.08909158, -0.3161626,0.9953954, -0.06107366, 0.0736924, -0.005247296,-0.1034641, -0.09660678, -0.1510878, 0.9783326,-0.5717929, -0.00584984, -0.1774417, 0.8009576,0.9230639, -0.09487244, 0.1500633, -0.341223,0.9825078, -0.1346289, 0.1157361, -0.05620086,-0.09780939, -0.1747976, -0.1776229, 0.9634984,-0.5423158, -0.04230188, -0.2281346, 0.8075016,0.9050341, -0.09478375, 0.2117803, -0.3564805,0.9714873, -0.1574583, 0.1704164, -0.04875904,-0.05602349, -0.2478332, -0.2413907, 0.9365739,-0.4922665, -0.02582681, -0.2946326, 0.8186564,0.8659143, -0.1433579, 0.2586965, -0.403382,0.9505477, -0.2207489, 0.1968383, -0.0947825,1695797846428
0.04230538, 0.1102513, 0.4554332, 0.8824033,-0.1022415, 0.2476931, 0.4724896, 0.839612,-0.3283238, 0.1087909, 0.522267, 0.7794904,-0.4945935, -0.01096673, 0.5333648, 0.6861333,-0.106564, -0.01919533, -0.07426479, 0.9913427,-0.5854469, -0.02303568, -0.09273192, 0.8050603,0.9441317, -0.03509863, 0.08887035, -0.3154133,0.9954156, -0.06113864, 0.07342968, -0.004225247,-0.1042415, -0.09637642, -0.1510882, 0.9782728,-0.5725693, -0.005610848, -0.1773289, 0.8004295,0.9233332, -0.0949732, 0.149857, -0.3405566,0.982591, -0.1347082, 0.1154588, -0.05511624,-0.09859332, -0.1745922, -0.1775664, 0.9634662,-0.5429838, -0.04213915, -0.2280081, 0.8070968,0.9053047, -0.09481652, 0.2115969, -0.3558933,0.9715693, -0.1574773, 0.1701891, -0.04785061,-0.05681713, -0.2476881, -0.2412918, 0.9365899,-0.4929539, -0.02569664, -0.2945258, 0.8182852,0.8662252, -0.1433731, 0.2585535, -0.4028003,0.9506692, -0.2207583, 0.1966508, -0.09392669,1695797846444
0.04224423, 0.1104078, 0.4550317, 0.8825938,-0.1024226, 0.2478353, 0.4721495, 0.8397393,-0.3285824, 0.1089876, 0.5219858, 0.7795423,-0.4949106, -0.01075349, 0.533134, 0.6860875,-0.1067562, -0.01905761, -0.07467406, 0.991294,-0.5858115, -0.02269518, -0.09301665, 0.8047718,0.9442045, -0.03552525, 0.08891077, -0.315136,0.9953986, -0.06156617, 0.0733265, -0.003807701,-0.1044725, -0.09625471, -0.1514784, 0.9781998,-0.5728269, -0.005303474, -0.1776152, 0.8001838,0.923337, -0.09535691, 0.1499411, -0.3404018,0.9825613, -0.1351247, 0.1153975, -0.05475385,-0.09885793, -0.1744792, -0.177937, 0.9633912,-0.5431538, -0.04186603, -0.2282873, 0.8069177,0.9052842, -0.09516499, 0.2116872, -0.3557985,0.9715303, -0.1578745, 0.1701279, -0.04754943,-0.05711501, -0.2476071, -0.2416424, 0.9365028,-0.4931404, -0.02539492, -0.2947921, 0.8180863,0.8661781, -0.143714, 0.2586379, -0.402726,0.9506153, -0.2211395, 0.1965822, -0.09371903,1695797846462
0.04228371, 0.1106617, 0.454872, 0.8826424,-0.1024613, 0.2480407, 0.47205, 0.8397299,-0.3286698, 0.1091771, 0.5219538, 0.7795003,-0.4949957, -0.01056897, 0.5331451, 0.6860203,-0.1068768, -0.01880708, -0.07480154, 0.9912761,-0.5861767, -0.02244704, -0.09303091, 0.8045112,0.9442516, -0.03570767, 0.08878954, -0.3150084,0.9954039, -0.0617115, 0.07314582, -0.003535522,-0.1046226, -0.09601543, -0.1515966, 0.9781889,-0.5730502, -0.005032239, -0.1776086, 0.8000271,0.9233301, -0.09553204, 0.1498125, -0.3404281,0.9825732, -0.1352771, 0.1151966, -0.05458776,-0.09902527, -0.174247, -0.1780464, 0.9633958,-0.5433019, -0.04160598, -0.2282776, 0.8068342,0.9052702, -0.0953209, 0.2115553, -0.3558711,0.9715465, -0.1580027, 0.1699319, -0.04749296,-0.05730663, -0.2473944, -0.2417504, 0.9365194,-0.4933044, -0.02507005, -0.294762, 0.8180083,0.8661674, -0.1439004, 0.2584682, -0.4027913,0.9506318, -0.2212699, 0.1963487, -0.09373353,1695797846480
0.04207582, 0.1110721, 0.4547931, 0.8826414,-0.1027132, 0.2484609, 0.4719746, 0.8396173,-0.3288175, 0.1096445, 0.5219874, 0.7793499,-0.4951361, -0.01014438, 0.5332822, 0.6858188,-0.1072732, -0.01856358, -0.07479398, 0.9912385,-0.5865285, -0.02233036, -0.09292392, 0.8042703,0.9442667, -0.03570354, 0.08864963, -0.3150029,0.9954172, -0.0616773, 0.07300281, -0.003341134,-0.105037, -0.09580463, -0.1515601, 0.9781709,-0.5733073, -0.004903199, -0.1774807, 0.799872,0.9233302, -0.09551174, 0.1496694, -0.3404964,0.9826037, -0.1352377, 0.11504, -0.05446566,-0.09944355, -0.1740504, -0.1779812, 0.9634003,-0.5434859, -0.04151028, -0.2281283, 0.8067573,0.9052487, -0.09523804, 0.2114127, -0.3560326,0.9715827, -0.1578958, 0.1698073, -0.04755439,-0.05773411, -0.2472304, -0.2416681, 0.9365578,-0.4935182, -0.02499777, -0.2946314, 0.8179286,0.8661504, -0.1437913, 0.2583731, -0.402928,0.9506622, -0.221138, 0.196292, -0.09385561,1695797846497
0.04214112, 0.1111616, 0.4546865, 0.882682,-0.1026102, 0.2486067, 0.4718797, 0.83964,-0.3286637, 0.1098517, 0.5219275, 0.7794257,-0.4950253, -0.009946312, 0.5332699, 0.6859112,-0.1072801, -0.01844317, -0.07489737, 0.9912322,-0.5865144, -0.02213282, -0.09293377, 0.804285,0.9441832, -0.03584754, 0.08855224, -0.3152644,0.99542, -0.0617894, 0.07286025, -0.003535725,-0.1050613, -0.09568564, -0.1516624, 0.978164,-0.5732126, -0.004726971, -0.1774906, 0.7999388,0.9232009, -0.09562439, 0.1496036, -0.3408443,0.9825814, -0.1353243, 0.1149459, -0.05485063,-0.09947981, -0.1739336, -0.1780828, 0.9633989,-0.543346, -0.04140596, -0.2281544, 0.8068496,0.9050885, -0.09528108, 0.211401, -0.3564349,0.9715576, -0.157925, 0.1697897, -0.04803141,-0.05778586, -0.2471211, -0.2417713, 0.9365568,-0.4933707, -0.02487317, -0.2946474, 0.8180156,0.8659599, -0.1438289, 0.2583583, -0.4033331,0.9506071, -0.2211493, 0.1962875, -0.09439442,1695797846514
0.04165259, 0.1112334, 0.454761, 0.8826577,-0.1030209, 0.248721, 0.4718391, 0.8395787,-0.3288665, 0.1100902, 0.5218951, 0.7793283,-0.4951283, -0.009649996, 0.5332928, 0.6858233,-0.1077163, -0.01864939, -0.07477307, 0.9911904,-0.5868466, -0.02243364, -0.09293018, 0.8040347,0.9441403, -0.03555292, 0.08874275, -0.3153726,0.9954137, -0.06157924, 0.07312512, -0.003516711,-0.105469, -0.09592436, -0.1515044, 0.9781213,-0.5734274, -0.005053126, -0.1774778, 0.7997857,0.9231327, -0.09527675, 0.1498207, -0.341031,0.9825755, -0.1350652, 0.1152445, -0.05496862,-0.09986605, -0.1741812, -0.1778903, 0.9633498,-0.5434771, -0.04176577, -0.2281038, 0.806757,0.9049768, -0.09485672, 0.2116079, -0.356709,0.9715388, -0.1575871, 0.1701235, -0.04833906,-0.05813995, -0.2473878, -0.2415425, 0.9365235,-0.4934832, -0.02524142, -0.2945808, 0.8179605,0.8658316, -0.1433638, 0.2585765, -0.4036343,0.9505721, -0.2207545, 0.1966785, -0.09485617,1695797846531
0.04163876, 0.1113028, 0.4547677, 0.8826461,-0.1028095, 0.2488268, 0.4717902, 0.8396007,-0.3286532, 0.1102161, 0.5218747, 0.7794141,-0.4948737, -0.009471471, 0.5333021, 0.6860023,-0.1077624, -0.01859873, -0.07475081, 0.991188,-0.5869055, -0.02243515, -0.0928997, 0.8039952,0.9440566, -0.03550343, 0.08873103, -0.3156319,0.9954157, -0.06153288, 0.07312588, -0.003730516,-0.1055176, -0.09587767, -0.1514792, 0.9781245,-0.5733832, -0.004995585, -0.1774118, 0.7998323,0.923024, -0.09524432, 0.1497612, -0.3413602,0.9825654, -0.1350108, 0.1152041, -0.05536578,-0.0999143, -0.1741364, -0.1778623, 0.963358,-0.5433849, -0.04177797, -0.2280518, 0.8068333,0.9048432, -0.09475747, 0.2115988, -0.3570796,0.9715254, -0.1574712, 0.1701642, -0.04884129,-0.05818949, -0.2473466, -0.2415141, 0.9365386,-0.493342, -0.0252052, -0.2944959, 0.8180774,0.8656752, -0.1432796, 0.2585228, -0.4040339,0.9505392, -0.2206217, 0.1966957, -0.09545752,1695797846549
0.04197561, 0.1111261, 0.4548588, 0.8826055,-0.1022417, 0.248623, 0.4718738, 0.8396835,-0.3282116, 0.1099422, 0.5219109, 0.7796146,-0.4944515, -0.009717884, 0.5332765, 0.6863231,-0.1073751, -0.01857749, -0.07470471, 0.9912339,-0.5866203, -0.02238568, -0.09284846, 0.8042106,0.9439045, -0.03550167, 0.08866559, -0.316105,0.9954193, -0.06150633, 0.07306796, -0.00428694,-0.1051311, -0.09582639, -0.1514639, 0.9781736,-0.5730004, -0.004886396, -0.1773338, 0.8001246,0.9228303, -0.09527344, 0.1496467, -0.3419257,0.9825368, -0.1349858, 0.1151086, -0.05612712,-0.09952927, -0.1740745, -0.1778782, 0.9634061,-0.5429999, -0.04173935, -0.2280221, 0.8071027,0.9046435, -0.09475168, 0.2115617, -0.3576086,0.9714954, -0.1574193, 0.1701629, -0.04960326,-0.05781081, -0.2472576, -0.24156, 0.9365737,-0.4929214, -0.02513193, -0.2944486, 0.8183501,0.8654426, -0.1432914, 0.2584554, -0.4045708,0.9504749, -0.2205654, 0.1966787, -0.09625901,1695797846566
0.04206717, 0.1111546, 0.4548912, 0.8825809,-0.1018612, 0.2486125, 0.4718588, 0.8397413,-0.3279265, 0.1098927, 0.5219027, 0.7797469,-0.4941562, -0.009727729, 0.5332581, 0.6865499,-0.1073078, -0.01850777, -0.07466818, 0.9912453,-0.5866594, -0.02231745, -0.09278175, 0.8041916,0.943877, -0.03550511, 0.08857714, -0.3162115,0.9954264, -0.06147896, 0.07298534, -0.004436374,-0.1050676, -0.09575193, -0.1514335, 0.9781923,-0.5729364, -0.004793832, -0.1772505, 0.8001895,0.9227572, -0.09527884, 0.1495415, -0.3421672,0.9825304, -0.1349448, 0.1150244, -0.05651004,-0.09946622, -0.173999, -0.1778544, 0.9634307,-0.54295, -0.0416861, -0.2279629, 0.8071558,0.9045816, -0.09473198, 0.2114962, -0.3578091,0.9714911, -0.1573466, 0.1701377, -0.05000206,-0.0577518, -0.2471779, -0.241545, 0.9366022,-0.4928572, -0.02510826, -0.2944048, 0.8184053,0.8653718, -0.1432559, 0.2584229, -0.4047555,0.9504443, -0.2204705, 0.1967164, -0.09670118,1695797846583
0.0419438, 0.1112526, 0.4549535, 0.8825423,-0.1017356, 0.248683, 0.4718439, 0.839744,-0.3278544, 0.1099325, 0.5219145, 0.7797638,-0.4940074, -0.009627675, 0.5332797, 0.6866416,-0.1074521, -0.01849655, -0.07457248, 0.991237,-0.5868482, -0.02233156, -0.09268116, 0.8040651,0.9439057, -0.03542084, 0.0885091, -0.3161542,0.9954357, -0.06137641, 0.07294815, -0.004389219,-0.1052055, -0.09575204, -0.1513279, 0.9781939,-0.5730641, -0.004816204, -0.1771473, 0.8001207,0.9227552, -0.09517223, 0.1494879, -0.3422256,0.982538, -0.1348118, 0.1150224, -0.05669758,-0.09959579, -0.1740029, -0.1777389, 0.9634379,-0.5430896, -0.04173696, -0.2278675, 0.8070862,0.904601, -0.09460282, 0.2114613, -0.3578148,0.9715027, -0.1571836, 0.1701732, -0.05016984,-0.05787291, -0.2471882, -0.2414227, 0.9366236,-0.4929933, -0.02520313, -0.2943294, 0.8183475,0.8654034, -0.1431037, 0.2584306, -0.4047368,0.9504488, -0.2202905, 0.1968175, -0.09686123,1695797846600
0.04134168, 0.1113997, 0.4548236, 0.8826191,-0.1022179, 0.2488531, 0.471592, 0.8397765,-0.3282463, 0.1102192, 0.5217074, 0.779697,-0.4942437, -0.00920042, 0.5331438, 0.686583,-0.1080531, -0.01868017, -0.07465259, 0.9911622,-0.5872644, -0.02249677, -0.09282479, 0.80374,0.9439307, -0.03533372, 0.08873598, -0.3160259,0.9954195, -0.0613707, 0.07318595, -0.004179111,-0.1057931, -0.09598118, -0.151359, 0.9781032,-0.5734522, -0.005044792, -0.1773011, 0.7998071,0.9227716, -0.09501209, 0.1497793, -0.3420986,0.9825178, -0.1347471, 0.1153445, -0.05654659,-0.1001764, -0.1742465, -0.1777199, 0.9633372,-0.5434307, -0.04199014, -0.2279768, 0.8068126,0.9045908, -0.09437522, 0.2117307, -0.3577414,0.9714686, -0.1570505, 0.1705043, -0.05012276,-0.0584332, -0.2474703, -0.2413505, 0.936533,-0.4933208, -0.02553036, -0.2944515, 0.818096,0.8653791, -0.1428001, 0.2587694, -0.4046796,0.9503957, -0.2200927, 0.197263, -0.09692537,1695797846618
0.04122084, 0.1110807, 0.4546033, 0.8827784,-0.1024647, 0.2485618, 0.471374, 0.8399551,-0.3285268, 0.1100026, 0.5214171, 0.7798036,-0.4945279, -0.009336488, 0.5328126, 0.6866336,-0.1080251, -0.01899295, -0.07495433, 0.9911366,-0.5871683, -0.02271621, -0.09327951, 0.8037514,0.9438422, -0.03541301, 0.08923571, -0.3161403,0.9953715, -0.06160459, 0.07363401, -0.004289441,-0.1057593, -0.09628949, -0.1516571, 0.9780304,-0.5733542, -0.005234484, -0.1777378, 0.7997792,0.9226617, -0.0950934, 0.150251, -0.3421657,0.9824284, -0.134955, 0.1157812, -0.05671192,-0.1001544, -0.174551, -0.1780126, 0.9632303,-0.5432692, -0.04214697, -0.2283752, 0.8068004,0.904412, -0.09444834, 0.2121582, -0.3579209,0.9713567, -0.1572573, 0.1708851, -0.05034424,-0.05840902, -0.2477762, -0.2416222, 0.9363835,-0.4931191, -0.02568062, -0.2948206, 0.81808,0.8651592, -0.1428531, 0.259175, -0.4048715,0.9502543, -0.2202825, 0.1976216, -0.09714944,1695797846634
0.04096429, 0.1111656, 0.4542831, 0.8829445,-0.1028754, 0.2487104, 0.4710672, 0.8400331,-0.3288729, 0.1102766, 0.5211528, 0.7797958,-0.4948975, -0.009036764, 0.5326157, 0.6865241,-0.1083325, -0.01902726, -0.07527688, 0.9910779,-0.5871735, -0.02269721, -0.09358855, 0.8037122,0.9437745, -0.03559327, 0.0894824, -0.3162526,0.9953424, -0.06185358, 0.07381135, -0.004410813,-0.1060843, -0.0963475, -0.1519515, 0.9779438,-0.5734169, -0.005303922, -0.1780756, 0.7996587,0.9225885, -0.09519939, 0.1505859, -0.3421864,0.9823663, -0.135158, 0.1160662, -0.05672335,-0.1004992, -0.1746183, -0.1782779, 0.9631331,-0.5432872, -0.04214388, -0.2286388, 0.8067138,0.9042927, -0.09454946, 0.2123963, -0.3580544,0.9712886, -0.1574371, 0.1710712, -0.050464,-0.05876644, -0.2478753, -0.2418542, 0.936275,-0.4931664, -0.02570437, -0.2950889, 0.817954,0.8650183, -0.1429123, 0.2594499, -0.4049755,0.9501613, -0.2204407, 0.1978487, -0.0972381,1695797846652
0.04117583, 0.1111887, 0.4541637, 0.8829932,-0.102824, 0.2487678, 0.471032, 0.8400421,-0.3287183, 0.1104132, 0.5211195, 0.7798639,-0.4948099, -0.008933221, 0.5326132, 0.6865906,-0.1081845, -0.01888399, -0.0754161, 0.9910862,-0.5867668, -0.02248623, -0.09361583, 0.8040119,0.9436089, -0.03577918, 0.08938347, -0.3167534,0.9953416, -0.06199078, 0.07366613, -0.005050813,-0.1059589, -0.09619373, -0.1521014, 0.9779492,-0.5730901, -0.00515982, -0.1781346, 0.7998807,0.922428, -0.09534584, 0.1505581, -0.3425903,0.9823215, -0.1352702, 0.1160195, -0.05732265,-0.100391, -0.1744628, -0.1784389, 0.9631428,-0.5429674, -0.04199513, -0.228692, 0.8069218,0.9041017, -0.09467567, 0.212368, -0.3585199,0.9712515, -0.1575314, 0.171019, -0.05105845,-0.05868089, -0.247719, -0.2420278, 0.9362769,-0.4928842, -0.02549434, -0.2951238, 0.818118,0.8648164, -0.1430686, 0.2593828, -0.4053944,0.9501049, -0.2205583, 0.1977424, -0.09773751,1695797846668
0.0413423, 0.1110717, 0.4544314, 0.8828624,-0.1027531, 0.2485929, 0.4713297, 0.8399355,-0.3285645, 0.1102013, 0.52135, 0.7798046,-0.4946451, -0.009190144, 0.5327905, 0.6865683,-0.1079444, -0.01891962, -0.07515318, 0.9911317,-0.5864587, -0.02258292, -0.09338181, 0.8042611,0.9435315, -0.03557339, 0.08924508, -0.317046,0.9953591, -0.06174217, 0.07360744, -0.005485503,-0.105699, -0.0962104, -0.1518602, 0.9780132,-0.572805, -0.005290885, -0.1779216, 0.8001315,0.9223464, -0.09512439, 0.1504507, -0.3429186,0.9823236, -0.1349949, 0.1160192, -0.05793313,-0.1001126, -0.1744714, -0.17822, 0.9632107,-0.542687, -0.04212954, -0.2284913, 0.8071602,0.9040178, -0.09445878, 0.2122751, -0.3588434,0.9712656, -0.1572641, 0.1710298, -0.05157444,-0.05838733, -0.2477006, -0.2418324, 0.9363506,-0.4926183, -0.02558406, -0.2949093, 0.8183528,0.8647408, -0.1428841, 0.2592493, -0.4057059,0.9501241, -0.2203157, 0.1977044, -0.09817397,1695797846686
0.04185028, 0.1108808, 0.4547133, 0.8827173,-0.10222, 0.2483608, 0.471669, 0.8398787,-0.328106, 0.1098387, 0.5216227, 0.7798665,-0.4942182, -0.009609285, 0.532975, 0.6867267,-0.1073772, -0.01883751, -0.07490852, 0.9912134,-0.5859777, -0.02248605, -0.09309403, 0.8046477,0.9434491, -0.03551024, 0.08894461, -0.3173827,0.9953852, -0.06157459, 0.07335319, -0.006013866,-0.105125, -0.09608467, -0.1516632, 0.9781179,-0.5723104, -0.005209608, -0.1776518, 0.8005458,0.9222413, -0.09507295, 0.1501614, -0.3433419,0.9823272, -0.1348217, 0.1158034, -0.05870218,-0.09952922, -0.1743301, -0.1780719, 0.9633241,-0.5422497, -0.04207508, -0.2282781, 0.8075172,0.9039367, -0.09442901, 0.212048, -0.3591896,0.9712855, -0.1571182, 0.1708656, -0.05218485,-0.05780528, -0.2475143, -0.2417357, 0.9364609,-0.4921925, -0.02550782, -0.2947032, 0.8186855,0.8646649, -0.1428918, 0.259003, -0.4060221,0.9501379, -0.2202042, 0.1975113, -0.0986784,1695797846704
0.04193901, 0.1106215, 0.454555, 0.8828272,-0.1021634, 0.2481826, 0.4715225, 0.8400206,-0.3280912, 0.1097066, 0.5214331, 0.780018,-0.4942817, -0.009729696, 0.5327601, 0.6868461,-0.107194, -0.01899424, -0.07514115, 0.9912126,-0.5856184, -0.02239045, -0.09331691, 0.8048861,0.9433904, -0.03574421, 0.08906025, -0.3174983,0.9953645, -0.06181857, 0.07340191, -0.006337835,-0.1049455, -0.09622596, -0.1519061, 0.9780856,-0.5720091, -0.005205847, -0.177916, 0.8007025,0.9221667, -0.09526215, 0.150354, -0.3434055,0.9822614, -0.1350331, 0.1159623, -0.0590031,-0.09936365, -0.1744651, -0.1783241, 0.9632701,-0.5420246, -0.04209188, -0.2285579, 0.8075883,0.9038553, -0.09461123, 0.2122714, -0.3592147,0.9712101, -0.1573421, 0.1710377, -0.05234884,-0.05764742, -0.2476418, -0.241987, 0.936372,-0.491983, -0.02556637, -0.2949979, 0.8187034,0.8645507, -0.143039, 0.2592629, -0.4060476,0.9500346, -0.2204213, 0.1977167, -0.09877651,1695797846722
0.04215395, 0.1104919, 0.454464, 0.88288,-0.1019413, 0.2481141, 0.4714623, 0.8401015,-0.3279699, 0.1096105, 0.5213664, 0.7801272,-0.4942113, -0.009826717, 0.5326732, 0.6869628,-0.1069609, -0.0189807, -0.07528002, 0.9912275,-0.5853828, -0.02225948, -0.09341746, 0.8050495,0.9434192, -0.03594465, 0.08905216, -0.3173925,0.9953577, -0.06199503, 0.07334114, -0.006382914,-0.1047243, -0.09619433, -0.1520614, 0.9780883,-0.5718119, -0.005100751, -0.1780336, 0.8008178,0.9221861, -0.09546688, 0.1503598, -0.343294,0.982234, -0.1352044, 0.1159387, -0.05911342,-0.09915593, -0.1744277, -0.1784959, 0.9632665,-0.5418945, -0.04196371, -0.228689, 0.8076452,0.9038924, -0.09485735, 0.2122774, -0.3590529,0.9711878, -0.1575577, 0.1709829, -0.05229452,-0.05745464, -0.2475944, -0.2421717, 0.9363487,-0.4918593, -0.02545735, -0.2951422, 0.8187292,0.8645841, -0.1432878, 0.259279, -0.4058784,0.9500093, -0.220659, 0.1976527, -0.09861735,1695797846740
0.04215274, 0.1105109, 0.4543321, 0.8829455,-0.1018654, 0.2482197, 0.4713148, 0.8401623,-0.328004, 0.1096919, 0.5212661, 0.7801684,-0.4942719, -0.009738939, 0.5325935, 0.6869823,-0.1069915, -0.01895285, -0.07542197, 0.991214,-0.585426, -0.02209745, -0.0934976, 0.8050132,0.9435043, -0.03614307, 0.08901561, -0.3171269,0.9953553, -0.06216965, 0.07324639, -0.006136737,-0.1047669, -0.09616908, -0.1521994, 0.9780648,-0.5718892, -0.004984214, -0.1781355, 0.8007407,0.9222763, -0.09565087, 0.1503597, -0.3430005,0.982232, -0.1353754, 0.1158905, -0.05884776,-0.09920986, -0.1744042, -0.1786297, 0.9632404,-0.5420312, -0.0418496, -0.2288028, 0.8075272,0.9039983, -0.0950514, 0.2122907, -0.3587268,0.9711837, -0.157744, 0.1709354, -0.0519626,-0.0575194, -0.247579, -0.2423002, 0.9363155,-0.4919921, -0.02536121, -0.2952642, 0.8186083,0.8646981, -0.1434809, 0.2593016, -0.405553,0.9500127, -0.2208548, 0.1976037, -0.09824343,1695797846757
0.04227539, 0.1104632, 0.4540667, 0.8830822,-0.1016162, 0.2483, 0.4710474, 0.8403188,-0.3279001, 0.1097803, 0.521044, 0.780348,-0.4942819, -0.009658186, 0.5323957, 0.6871294,-0.1069041, -0.0189027, -0.07573204, 0.9912007,-0.5853817, -0.02192814, -0.09375996, 0.8050196,0.9435192, -0.03644637, 0.08912595, -0.3170168,0.9953346, -0.06248664, 0.07326113, -0.006103699,-0.1047056, -0.09611246, -0.1525127, 0.9780281,-0.5718543, -0.004819338, -0.1784003, 0.8007077,0.922275, -0.09595598, 0.1504737, -0.3428687,0.9821905, -0.1356968, 0.1159149, -0.05875335,-0.09917463, -0.174347, -0.1789459, 0.9631957,-0.5420398, -0.04163109, -0.2290571, 0.8074606,0.9040009, -0.09539519, 0.2123677, -0.3585834,0.971138, -0.1580862, 0.1709065, -0.05187235,-0.05751017, -0.247529, -0.2426153, 0.9362477,-0.4920223, -0.02518066, -0.2955409, 0.8184959,0.8646971, -0.1438085, 0.2594178, -0.4053646,0.9499491, -0.2212011, 0.1976071, -0.09807242,1695797846773
0.04208625, 0.110678, 0.4537725, 0.8832155,-0.1015933, 0.2486453, 0.470692, 0.8404185,-0.3279651, 0.1101699, 0.5208052, 0.7804252,-0.4944308, -0.00927789, 0.5322494, 0.6871409,-0.1072173, -0.01879392, -0.07600319, 0.9911482,-0.5855646, -0.02178001, -0.09395381, 0.8048679,0.9435869, -0.03668121, 0.0891974, -0.3167682,0.995321, -0.06272992, 0.07325738, -0.005875147,-0.105045, -0.09602889, -0.1527569, 0.9779618,-0.5720401, -0.004739733, -0.1786136, 0.8005278,0.9223358, -0.09614478, 0.1506037, -0.342595,0.9821693, -0.1359162, 0.115983, -0.05846616,-0.09953497, -0.1742745, -0.1791626, 0.9631313,-0.542224, -0.04148816, -0.2292189, 0.8072983,0.9040601, -0.09560415, 0.2124204, -0.3583472,0.9711164, -0.1582928, 0.1708975, -0.05167659,-0.05789008, -0.2474906, -0.2428063, 0.9361849,-0.4922378, -0.02513316, -0.2957487, 0.8182927,0.864765, -0.1439652, 0.2595631, -0.4050709,0.9499128, -0.2213894, 0.1977011, -0.09780879,1695797846790
0.04230006, 0.1107009, 0.4536602, 0.8832601,-0.1012036, 0.2486899, 0.4705864, 0.8405115,-0.3277525, 0.1101505, 0.5207351, 0.780564,-0.494327, -0.009337039, 0.5321758, 0.6872718,-0.1070662, -0.01865024, -0.07613463, 0.9911572,-0.5854644, -0.02162975, -0.09402288, 0.8049368,0.9436097, -0.03686186, 0.08915914, -0.3166902,0.9953181, -0.06288894, 0.07316509, -0.005802398,-0.104916, -0.09587446, -0.1528994, 0.9779686,-0.5718942, -0.004535492, -0.1786577, 0.8006234,0.92233, -0.09636565, 0.1505085, -0.3425905,0.9821545, -0.1360843, 0.1158456, -0.05859431,-0.09942261, -0.1741183, -0.1793165, 0.9631426,-0.5420821, -0.04129095, -0.2292749, 0.8073878,0.9040415, -0.09582666, 0.2123421, -0.358381,0.9710996, -0.1584462, 0.1707826, -0.05189972,-0.05779999, -0.247333, -0.2429732, 0.9361889,-0.4920935, -0.02500636, -0.295843, 0.8183493,0.8647481, -0.1441688, 0.2595454, -0.405046,0.9498748, -0.2215477, 0.1976487, -0.09792562,1695797846808
0.04236433, 0.1107368, 0.4535412, 0.8833137,-0.1009137, 0.2487696, 0.4704336, 0.8406084,-0.3276881, 0.1101437, 0.5206366, 0.7806577,-0.4943365, -0.009361226, 0.5320774, 0.6873408,-0.1070485, -0.0185744, -0.07626248, 0.9911507,-0.5855623, -0.02154435, -0.09412432, 0.804856,0.9436997, -0.03700631, 0.08918564, -0.3163976,0.9953127, -0.06304179, 0.07313876, -0.005396134,-0.1049137, -0.09579778, -0.1530275, 0.9779563,-0.5719157, -0.004362891, -0.1787165, 0.8005959,0.9223861, -0.09656516, 0.1504453, -0.3424109,0.9821535, -0.1362521, 0.1157323, -0.05844492,-0.09943277, -0.1740425, -0.1794449, 0.9631312,-0.5420807, -0.04116372, -0.2293524, 0.8073732,0.904079, -0.09600316, 0.2123213, -0.3582516,0.971087, -0.158584, 0.170728, -0.05189545,-0.05782453, -0.2472629, -0.2431023, 0.9361723,-0.4920725, -0.02495679, -0.2959547, 0.8183231,0.8647992, -0.1443255, 0.2595808, -0.4048584,0.9498522, -0.2216889, 0.1976514, -0.09782045,1695797846826
0.04220302, 0.1108324, 0.4532771, 0.883445,-0.1007662, 0.2489696, 0.4700834, 0.8407627,-0.3278119, 0.1102834, 0.5203863, 0.7807529,-0.4945158, -0.009197971, 0.5318643, 0.6873789,-0.1072728, -0.01855441, -0.07652602, 0.9911065,-0.5859342, -0.02152756, -0.09440187, 0.8045533,0.943836, -0.03718339, 0.08940104, -0.3159089,0.9952901, -0.06328825, 0.07327856, -0.004741362,-0.1051566, -0.0957954, -0.1532705, 0.9778924,-0.5721964, -0.004255898, -0.1789442, 0.800345,0.9224762, -0.09678068, 0.1505744, -0.3420503,0.9821389, -0.1365045, 0.1157828, -0.05800066,-0.09969382, -0.1740476, -0.1796666, 0.963062,-0.5423125, -0.04104953, -0.2295598, 0.8071644,0.9041501, -0.09621375, 0.212428, -0.3579524,0.9710546, -0.1588028, 0.1707759, -0.05167354,-0.05809997, -0.2472935, -0.2433009, 0.9360956,-0.4922881, -0.02492922, -0.2961942, 0.8181075,0.8648909, -0.1445031, 0.2597525, -0.4044888,0.9498095, -0.2218974, 0.1977726, -0.0975164,1695797846843
0.04182694, 0.1108721, 0.4531105, 0.8835433,-0.1009293, 0.2491538, 0.4697976, 0.8408483,-0.3280748, 0.110484, 0.5201737, 0.7807558,-0.4948004, -0.008976193, 0.5317018, 0.6873028,-0.1076344, -0.01870505, -0.07668108, 0.9910524,-0.5861748, -0.02174924, -0.09465996, 0.8043417,0.9438921, -0.03714745, 0.08974188, -0.3156487,0.9952624, -0.06336788, 0.0736074, -0.00438039,-0.105514, -0.09597312, -0.1533945, 0.977817,-0.5724269, -0.00443259, -0.1791719, 0.8001283,0.9225219, -0.09675147, 0.1508687, -0.3418058,0.9821182, -0.1365767, 0.1160561, -0.05763308,-0.1000537, -0.1742339, -0.1797584, 0.9629739,-0.5424969, -0.04119289, -0.2297351, 0.8069834,0.9041675, -0.09617598, 0.2126623, -0.3577794,0.9710151, -0.1588381, 0.1710132, -0.05152347,-0.0584518, -0.2475059, -0.2433556, 0.9360033,-0.4924606, -0.02516646, -0.2963961, 0.8179233,0.8649179, -0.1444101, 0.2600571, -0.4042685,0.9497615, -0.2219076, 0.1980934, -0.09731002,1695797846862
0.04175453, 0.1106453, 0.4530236, 0.8836197,-0.1009773, 0.2491028, 0.4696653, 0.8409316,-0.3281627, 0.1104587, 0.5200351, 0.7808146,-0.4949786, -0.009031117, 0.5315601, 0.6872835,-0.1075925, -0.01892676, -0.07681907, 0.9910421,-0.5859791, -0.02201864, -0.09494145, 0.8044438,0.943845, -0.03710626, 0.09012117, -0.3156865,0.9952298, -0.06345305, 0.07397574, -0.004355907,-0.105463, -0.09618992, -0.1535325, 0.9777796,-0.5722822, -0.004655444, -0.1794332, 0.800172,0.9224848, -0.0967392, 0.1511935, -0.3417657,0.9820732, -0.1366641, 0.1163653, -0.05756924,-0.1000056, -0.1744471, -0.1798955, 0.9629147,-0.5423268, -0.04134595, -0.2299513, 0.8070282,0.9040914, -0.09619529, 0.2129168, -0.3578151,0.9709551, -0.1589399, 0.171246, -0.05156704,-0.05839756, -0.2477158, -0.2434816, 0.9359185,-0.4922587, -0.02544642, -0.2966532, 0.817943,0.8648118, -0.1443536, 0.2604086, -0.4042894,0.949675, -0.221984, 0.1984281, -0.09729704,1695797846880
0.04145779, 0.1105242, 0.4528237, 0.8837513,-0.1012699, 0.2491642, 0.4693983, 0.8410273,-0.3284683, 0.1105924, 0.5197951, 0.7808271,-0.4953584, -0.008908192, 0.5313551, 0.6871699,-0.1078103, -0.01916785, -0.07704783, 0.9909961,-0.5858896, -0.02225806, -0.09528854, 0.8044614,0.9438048, -0.0371189, 0.09054013, -0.3156853,0.9951915, -0.06360087, 0.0743657, -0.004304956,-0.1056747, -0.09644619, -0.1537398, 0.9776989,-0.5722573, -0.004878388, -0.1797665, 0.8001136,0.9224716, -0.09675924, 0.1515831, -0.341623,0.9820249, -0.1368091, 0.1167179, -0.05733478,-0.1002236, -0.174707, -0.18008, 0.9628104,-0.542262, -0.04154563, -0.2302335, 0.8069811,0.9040223, -0.09619722, 0.2132595, -0.357785,0.9708828, -0.1590601, 0.1715616, -0.05150772,-0.05860876, -0.2479926, -0.243633, 0.9357925,-0.4921636, -0.02578348, -0.2969738, 0.8178733,0.8647016, -0.1442576, 0.2608601, -0.4042685,0.9495711, -0.2220563, 0.1988699, -0.09724456,1695797846895
0.04079859, 0.1102352, 0.4527685, 0.8838463,-0.1020961, 0.2490238, 0.4692303, 0.8410627,-0.329168, 0.1105732, 0.5195801, 0.7806783,-0.4960996, -0.008950434, 0.5311401, 0.6868008,-0.1082252, -0.0197571, -0.07713027, 0.9909328,-0.585735, -0.02305948, -0.09573269, 0.8044986,0.9436635, -0.0367128, 0.09137098, -0.3159157,0.9951298, -0.06348064, 0.07527746, -0.004497923,-0.1060428, -0.09706343, -0.1537849, 0.9775909,-0.5721826, -0.00564868, -0.1801831, 0.8000683,0.9224017, -0.09636277, 0.1523551, -0.3415804,0.981955, -0.1366746, 0.1175495, -0.05715331,-0.1005724, -0.1753282, -0.1800854, 0.9626601,-0.5420355, -0.04222324, -0.2305194, 0.8070164,0.9038304, -0.09578569, 0.2138858, -0.3580064,0.9707752, -0.1588823, 0.1722743, -0.05170538,-0.05891161, -0.2486292, -0.2435803, 0.9356183,-0.4919088, -0.02669117, -0.2973218, 0.817871,0.8644365, -0.1436645, 0.2616738, -0.4045205,0.9494124, -0.2217817, 0.1998138, -0.09748545,1695797846913
0.04032025, 0.1101795, 0.4528416, 0.8838378,-0.1026336, 0.2491077, 0.4692033, 0.8409874,-0.3294803, 0.1107837, 0.5195512, 0.7805359,-0.4964908, -0.008830738, 0.5311576, 0.686506,-0.1085877, -0.02006545, -0.07703378, 0.9908945,-0.5853201, -0.02368117, -0.09585615, 0.8047677,0.943436, -0.03626466, 0.09183722, -0.316511,0.9951001, -0.06319918, 0.07586214, -0.005158963,-0.1063704, -0.09739776, -0.1536593, 0.9775417,-0.5719172, -0.006228097, -0.1802803, 0.8002318,0.9222929, -0.09594612, 0.1527551, -0.3418128,0.981922, -0.1363995, 0.1180463, -0.05735341,-0.1008779, -0.1756681, -0.1799297, 0.9625953,-0.5416598, -0.04277149, -0.2305193, 0.8072398,0.9036132, -0.09531337, 0.2142053, -0.3584895,0.9707217, -0.1585316, 0.1727318, -0.05225845,-0.05918088, -0.2489816, -0.2433881, 0.9355576,-0.4915069, -0.02742009, -0.2973731, 0.8180699,0.8641484, -0.1430458, 0.262146, -0.4050493,0.9493124, -0.221349, 0.2004676, -0.09809805,1695797846931
0.03978054, 0.1101722, 0.4529502, 0.8838075,-0.1033983, 0.2491633, 0.4692478, 0.8408525,-0.3299436, 0.1109814, 0.5195758, 0.7802957,-0.4969681, -0.008705491, 0.5312251, 0.6861099,-0.1090212, -0.02036887, -0.07688446, 0.9908523,-0.5849588, -0.02427643, -0.09590561, 0.8050068,0.9432224, -0.03579146, 0.09222908, -0.3170871,0.9950776, -0.06287199, 0.07638288, -0.005779434,-0.1067654, -0.09773272, -0.1534761, 0.977494,-0.5717199, -0.006828285, -0.1803245, 0.8003579,0.922196, -0.09547208, 0.1531295, -0.3420393,0.9818973, -0.1360592, 0.1185388, -0.05756857,-0.1012462, -0.1760104, -0.1797115, 0.9625348,-0.5413129, -0.04335902, -0.2304646, 0.8074567,0.9033883, -0.09476124, 0.2145094, -0.3590204,0.970676, -0.1581002, 0.1732001, -0.05285977,-0.05950832, -0.2493393, -0.2431303, 0.9355086,-0.4911526, -0.02814656, -0.2973533, 0.8182651,0.8638635, -0.1423671, 0.2625696, -0.4056213,0.9492314, -0.220847, 0.2010915, -0.09873442,1695797846948
0.04008511, 0.1101799, 0.4531161, 0.8837078,-0.1032449, 0.2491252, 0.4694975, 0.8407433,-0.3296447, 0.1109572, 0.5197881, 0.780284,-0.496689, -0.008788244, 0.5314264, 0.6861551,-0.1087442, -0.0202162, -0.076717, 0.9908988,-0.5843403, -0.02432144, -0.09570803, 0.805478,0.9430116, -0.03564616, 0.09209187, -0.3177696,0.9950904, -0.06268298, 0.07630468, -0.006598502,-0.1064914, -0.09755963, -0.1533333, 0.9775636,-0.571169, -0.006765369, -0.1800863, 0.8008053,0.9220554, -0.09541939, 0.152879, -0.3425449,0.9819011, -0.1359164, 0.1183367, -0.05825271,-0.1009679, -0.1758311, -0.1795945, 0.9626186,-0.5407317, -0.04336527, -0.2302482, 0.8079075,0.9031991, -0.09465417, 0.2143254, -0.359634,0.9706823, -0.1579091, 0.1730881, -0.05367609,-0.05923572, -0.2491392, -0.2430449, 0.9356014,-0.4905667, -0.02810465, -0.2971201, 0.8187027,0.863669, -0.142303, 0.2623358, -0.4062089,0.9492326, -0.2206923, 0.2009108, -0.09943468,1695797846964
0.04030795, 0.1101545, 0.4532999, 0.8836065,-0.1031706, 0.249046, 0.4697466, 0.8406367,-0.3294494, 0.1108759, 0.5199926, 0.7802418,-0.4965142, -0.008932867, 0.531607, 0.6861398,-0.1085162, -0.02013664, -0.07653167, 0.9909398,-0.5838126, -0.02441561, -0.09552287, 0.8058797,0.9428678, -0.03547752, 0.0919896, -0.3182446,0.9951017, -0.06248286, 0.07626686, -0.007198395,-0.1062586, -0.09746292, -0.1531686, 0.9776244,-0.5707338, -0.006812986, -0.179889, 0.8011594,0.9219781, -0.09530684, 0.1527189, -0.3428556,0.9819124, -0.1357508, 0.1182294, -0.05866563,-0.1007265, -0.1757285, -0.1794512, 0.9626894,-0.5402784, -0.04342259, -0.2300513, 0.8082636,0.9030929, -0.09453444, 0.2141783, -0.3600197,0.9706999, -0.1577349, 0.1729995, -0.05415349,-0.05899244, -0.2490164, -0.242927, 0.9356801,-0.4901026, -0.02817281, -0.2969307, 0.8190469,0.863551, -0.1421894, 0.2621902, -0.4065934,0.949245, -0.2205319, 0.2008164, -0.09986141,1695797846982
0.04048543, 0.110256, 0.4533182, 0.8835763,-0.1029717, 0.249185, 0.4697936, 0.8405936,-0.3291192, 0.1110814, 0.5200577, 0.7803085,-0.4961807, -0.008726423, 0.531717, 0.6862985,-0.1084161, -0.01995832, -0.07650094, 0.9909567,-0.5834574, -0.02429973, -0.09540171, 0.8061547,0.9427751, -0.03551247, 0.09181954, -0.3185641,0.995113, -0.0624554, 0.07610051, -0.007628215,-0.1061722, -0.09727813, -0.1531473, 0.9776555,-0.5704767, -0.006680958, -0.1797674, 0.801371,0.9219337, -0.09536998, 0.1525304, -0.3430414,0.981917, -0.1357418, 0.1180471, -0.05897519,-0.1006452, -0.1755432, -0.17944, 0.9627338,-0.5400351, -0.04331865, -0.2299411, 0.8084632,0.9030414, -0.09457908, 0.2140192, -0.3602316,0.9707114, -0.1577042, 0.1728549, -0.05449687,-0.05892409, -0.2488279, -0.2429317, 0.9357333,-0.4898435, -0.02807554, -0.2968266, 0.819243,0.8634844, -0.1422373, 0.2620359, -0.4068173,0.9492452, -0.2205049, 0.2006785, -0.1001966,1695797846998
0.04079638, 0.1104408, 0.4537413, 0.8833218,-0.102556, 0.2493293, 0.4702307, 0.8403572,-0.3285961, 0.1111397, 0.5205093, 0.7802196,-0.4955331, -0.008679892, 0.5321716, 0.6864145,-0.1081853, -0.01967717, -0.07601349, 0.9910251,-0.5832031, -0.02416325, -0.09479105, 0.8064148,0.9427568, -0.03528052, 0.09123865, -0.318811,0.9951715, -0.06204113, 0.07563137, -0.008029235,-0.1059331, -0.09698112, -0.1526859, 0.9777831,-0.5702916, -0.00648325, -0.179146, 0.8016434,0.9219579, -0.09519567, 0.1518984, -0.3433051,0.9820064, -0.1353693, 0.117518, -0.05939851,-0.1003819, -0.1752418, -0.1790066, 0.9628969,-0.5399171, -0.04324801, -0.2294094, 0.8086967,0.9031335, -0.09436979, 0.2135261, -0.3603483,0.9708245, -0.1573132, 0.1724865, -0.0547798,-0.05865359, -0.2485, -0.2425421, 0.9359385,-0.4897223, -0.02786818, -0.2962533, 0.81953,0.8636451, -0.1421548, 0.261409, -0.4069083,0.9494108, -0.2201886, 0.200149, -0.1003819,1695797847016
0.04090113, 0.1105111, 0.454214, 0.8830651,-0.1024036, 0.249314, 0.4706863, 0.8401253,-0.3283049, 0.1110544, 0.5209318, 0.7800723,-0.4951005, -0.008768101, 0.5325657, 0.68642,-0.1080617, -0.019607, -0.07548243, 0.9910805,-0.5830783, -0.02426581, -0.09425858, 0.8065645,0.9427325, -0.03488552, 0.09086534, -0.3190329,0.9952168, -0.06154059, 0.07540733, -0.008361518,-0.1057797, -0.09690187, -0.1521715, 0.9778878,-0.5701808, -0.00653156, -0.178599, 0.8018439,0.9219786, -0.09484857, 0.1514728, -0.3435335,0.982086, -0.1348998, 0.1172276, -0.05972278,-0.1001923, -0.1751582, -0.1785104, 0.963024,-0.5398024, -0.04341286, -0.2289247, 0.8089018,0.9031841, -0.09397638, 0.2132127, -0.3605099,0.9709157, -0.1568155, 0.1723371, -0.05505817,-0.05843641, -0.2483898, -0.242074, 0.9361025,-0.4896059, -0.02794092, -0.2957372, 0.8197834,0.8637409, -0.1418392, 0.2610036, -0.4070754,0.9495445, -0.2197341, 0.1998953, -0.1006182,1695797847033
0.04115552, 0.1105135, 0.4543188, 0.8829991,-0.1020271, 0.2493047, 0.4708025, 0.8401087,-0.3278418, 0.1110782, 0.5210273, 0.7801999,-0.4945877, -0.008696469, 0.5326652, 0.6867133,-0.1078333, -0.01947967, -0.07538043, 0.9911157,-0.5829379, -0.02408827, -0.0940735, 0.8066928,0.9427274, -0.03493277, 0.09060777, -0.3191158,0.9952372, -0.06149777, 0.07515378, -0.00853687,-0.1055563, -0.09675767, -0.1520894, 0.977939,-0.5700867, -0.006312857, -0.1784079, 0.8019551,0.9219889, -0.09493363, 0.1511847, -0.3436092,0.9821109, -0.1348833, 0.1169432, -0.059908,-0.09996825, -0.175009, -0.178449, 0.9630858,-0.5397708, -0.04327297, -0.2288008, 0.8089654,0.9032344, -0.09404526, 0.2130208, -0.3604791,0.9709487, -0.1568041, 0.1721478, -0.05510248,-0.05821951, -0.2482248, -0.2420376, 0.9361692,-0.4895549, -0.02770295, -0.2955763, 0.81988,0.8638256, -0.1419937, 0.2607117, -0.407029,0.9496019, -0.2197698, 0.1995847, -0.1006146,1695797847051
0.04111467, 0.1103864, 0.4546776, 0.8828322,-0.102074, 0.2490587, 0.4711308, 0.8399919,-0.3278795, 0.1107353, 0.5212794, 0.7800645,-0.4944488, -0.008974464, 0.5328357, 0.6866774,-0.1077484, -0.01964279, -0.07500695, 0.99115,-0.5829978, -0.02433192, -0.09380963, 0.8066729,0.9427784, -0.03458513, 0.09053263, -0.3190244,0.9952566, -0.06114026, 0.07519413, -0.0084845,-0.1054323, -0.09691299, -0.1517261, 0.9779934,-0.5701565, -0.006504557, -0.1781307, 0.8019655,0.922072, -0.09462794, 0.1510576, -0.3435264,0.9821648, -0.134551, 0.116914, -0.05982859,-0.09981128, -0.1751584, -0.1780961, 0.9631402,-0.5398481, -0.04352133, -0.2285649, 0.8089672,0.9033496, -0.09373677, 0.212954, -0.3603101,0.9710041, -0.1564895, 0.1721832, -0.05491029,-0.05802758, -0.2483501, -0.241695, 0.9362364,-0.4896138, -0.02787842, -0.2953052, 0.8199365,0.8639865, -0.1417483, 0.2605567, -0.4068722,0.9497032, -0.2194885, 0.1995174, -0.1004071,1695797847068
0.04103732, 0.110396, 0.4546326, 0.8828578,-0.1021255, 0.2489912, 0.4710783, 0.8400351,-0.3280016, 0.1106441, 0.521219, 0.7800664,-0.4944587, -0.00896477, 0.5327579, 0.6867308,-0.1078252, -0.01967149, -0.0750505, 0.9911378,-0.583241, -0.02438296, -0.09389199, 0.8064861,0.9428896, -0.03459743, 0.09062699, -0.3186675,0.9952505, -0.06117994, 0.07528114, -0.008130474,-0.1055092, -0.09694746, -0.1517629, 0.977976,-0.5704331, -0.006447926, -0.1781733, 0.8017598,0.9222177, -0.09471299, 0.1510522, -0.343114,0.9821868, -0.1346364, 0.1168775, -0.05934438,-0.09988961, -0.1751948, -0.178126, 0.9631199,-0.5401793, -0.04346188, -0.2286254, 0.8087323,0.9035392, -0.09384967, 0.2129571, -0.3598032,0.9710275, -0.1566121, 0.1721369, -0.05428711,-0.05810514, -0.2483925, -0.2417168, 0.9362147,-0.4899299, -0.02774709, -0.2953308, 0.8197429,0.8642323, -0.1419302, 0.2604726, -0.4063402,0.9497673, -0.2196463, 0.1993632, -0.09975924,1695797847085
0.0404973, 0.1106983, 0.4543598, 0.8829853,-0.1025774, 0.2492076, 0.4707356, 0.840108,-0.3285419, 0.1108889, 0.5209607, 0.7799768,-0.4949108, -0.008626162, 0.5325618, 0.6865616,-0.1084748, -0.01967742, -0.07526048, 0.9910509,-0.5839666, -0.02449436, -0.0941471, 0.8059277,0.9430733, -0.0346308, 0.09090851, -0.3180393,0.9952301, -0.06131304, 0.07552722, -0.007298994,-0.1061692, -0.09700397, -0.1519198, 0.9778746,-0.5711108, -0.006479429, -0.1783808, 0.8012307,0.9224152, -0.09477416, 0.1512599, -0.3424742,0.9822023, -0.1347817, 0.1170282, -0.05845457,-0.1005582, -0.17527, -0.1782287, 0.9630176,-0.5408138, -0.04344592, -0.2287756, 0.8082664,0.9037359, -0.09391132, 0.213088, -0.3592152,0.9710346, -0.1567358, 0.1722199, -0.05353364,-0.05877406, -0.2485189, -0.2417666, 0.9361265,-0.4905571, -0.02779488, -0.295498, 0.8193059,0.8644575, -0.1419513, 0.2606558, -0.4057358,0.9497852, -0.2197339, 0.199521, -0.09907862,1695797847102
0.04018172, 0.1109237, 0.4540977, 0.8831062,-0.102647, 0.2493954, 0.4703973, 0.8402333,-0.3287754, 0.1110737, 0.5207056, 0.7800224,-0.4950828, -0.008337886, 0.5323553, 0.6866013,-0.1088948, -0.01963001, -0.07548665, 0.9909886,-0.5844486, -0.02447893, -0.09436684, 0.8055529,0.9431659, -0.034747, 0.09108768, -0.3177007,0.995213, -0.06148779, 0.07565428, -0.006838464,-0.1066065, -0.09698961, -0.1521108, 0.9777988,-0.5715069, -0.006379288, -0.1785501, 0.8009114,0.9224899, -0.09491941, 0.1513643, -0.3421865,0.9821997, -0.134971, 0.1170627, -0.05799066,-0.1010097, -0.1752687, -0.1783839, 0.9629419,-0.5411904, -0.04336183, -0.2289258, 0.8079762,0.9038122, -0.09402444, 0.2131822, -0.3589377,0.9710231, -0.1568867, 0.1722609, -0.05316931,-0.05923549, -0.2485555, -0.2418872, 0.9360566,-0.490916, -0.02769965, -0.2956324, 0.8190456,0.864548, -0.1420656, 0.2607358, -0.4054514,0.9497761, -0.2198659, 0.1995614, -0.09879075,1695797847121
0.03974089, 0.1115986, 0.453575, 0.8833098,-0.1026853, 0.2502185, 0.4697666, 0.8403367,-0.3290033, 0.1119294, 0.5203477, 0.7800429,-0.495347, -0.007452787, 0.5321977, 0.6865431,-0.109689, -0.01924475, -0.07590248, 0.9908768,-0.5849787, -0.02410743, -0.09455697, 0.8051569,0.9432158, -0.03511618, 0.09104419, -0.3175243,0.9952055, -0.06182699, 0.07549579, -0.006627144,-0.1074578, -0.096669, -0.1524622, 0.9776826,-0.5719315, -0.006050188, -0.1787283, 0.800571,0.9224848, -0.09521851, 0.1513732, -0.3421133,0.9821779, -0.1352688, 0.1169733, -0.05784533,-0.1018975, -0.1749766, -0.1786709, 0.9628483,-0.5415712, -0.04305698, -0.2290471, 0.807703,0.9038145, -0.09425139, 0.2131505, -0.3588911,0.9710069, -0.1570801, 0.1721695, -0.05319041,-0.06016286, -0.2483423, -0.2421218, 0.9359934,-0.4913495, -0.02746254, -0.295789, 0.8187371,0.8645611, -0.1422375, 0.2607946, -0.4053255,0.9497287, -0.2200106, 0.1996013, -0.09884388,1695797847139
0.03954854, 0.111759, 0.4530451, 0.88357,-0.1025357, 0.2505905, 0.4691506, 0.8405882,-0.3290804, 0.1123547, 0.5198792, 0.7802616,-0.4955392, -0.00698612, 0.5318356, 0.6866899,-0.1100125, -0.01916123, -0.07644454, 0.9908009,-0.5850995, -0.02398452, -0.09504888, 0.8050149,0.9430498, -0.03544886, 0.09139434, -0.3178795,0.995159, -0.06225407, 0.07572302, -0.006995608,-0.107824, -0.09661121, -0.1529728, 0.9775682,-0.5719533, -0.005919456, -0.1791933, 0.8004525,0.9222578, -0.09550839, 0.1517348, -0.3424841,0.9820651, -0.1356436, 0.1172438, -0.05833364,-0.1023039, -0.1749307, -0.179149, 0.9627247,-0.5415219, -0.0428841, -0.2294416, 0.8076333,0.9035382, -0.09450074, 0.2134294, -0.3593552,0.9708841, -0.1573787, 0.1723787, -0.0538668,-0.06060486, -0.2483408, -0.242564, 0.9358507,-0.4913074, -0.02736135, -0.2962041, 0.8186157,0.8642281, -0.1424047, 0.2611635, -0.4057391,0.9495257, -0.2202406, 0.1999489, -0.09957712,1695797847155
0.03949882, 0.1115837, 0.452756, 0.8837426,-0.1023124, 0.25059, 0.4687818, 0.8408213,-0.329062, 0.1123672, 0.5195433, 0.7804912,-0.4957696, -0.007050998, 0.5315092, 0.6867756,-0.1100084, -0.01930816, -0.07679673, 0.9907712,-0.5848601, -0.02415266, -0.09549838, 0.8051307,0.9428602, -0.03555416, 0.09186507, -0.3182943,0.9951088, -0.06250241, 0.07613632, -0.007434641,-0.1078316, -0.0967567, -0.1533199, 0.9774986,-0.5716712, -0.00608012, -0.1796262, 0.8005558,0.922038, -0.09559836, 0.1521956, -0.342846,0.9819469, -0.1358368, 0.1176899, -0.05897221,-0.1023329, -0.1750754, -0.1794898, 0.9626318,-0.5411462, -0.04295285, -0.2297936, 0.8077813,0.9032448, -0.09460319, 0.2137763, -0.3598593,0.9707592, -0.1575648, 0.1726945, -0.05455756,-0.06064655, -0.2484947, -0.2428878, 0.9357232,-0.4908723, -0.02753662, -0.2965767, 0.8187358,0.8638274, -0.1423984, 0.2616079, -0.406308,0.9493198, -0.2203524, 0.2004017, -0.100379,1695797847173
0.03921734, 0.1115787, 0.4524513, 0.8839118,-0.1024464, 0.2506669, 0.4684059, 0.8409915,-0.3293449, 0.1124729, 0.5192186, 0.7805728,-0.49616, -0.006949725, 0.5312154, 0.6867221,-0.1102883, -0.019433, -0.07711823, 0.9907127,-0.5849288, -0.02438082, -0.0959278, 0.8050228,0.9427132, -0.03557573, 0.09236306, -0.3185831,0.9950598, -0.06268258, 0.07659936, -0.007703855,-0.1081215, -0.09690236, -0.1536147, 0.9774058,-0.5716483, -0.006288047, -0.1800258, 0.8004807,0.9218701, -0.09560241, 0.1526729, -0.3430841,0.9818479, -0.1359643, 0.1181631, -0.05937831,-0.1026395, -0.1752282, -0.1797566, 0.9625216,-0.5409896, -0.04306604, -0.2300908, 0.8077956,0.9029853, -0.09459568, 0.2141217, -0.360307,0.9706478, -0.1576442, 0.1730455, -0.05519384,-0.06095979, -0.2486751, -0.2431193, 0.9355948,-0.4906839, -0.02774531, -0.2968917, 0.8187276,0.8634759, -0.1422778, 0.2620525, -0.4068107,0.9491346, -0.2203485, 0.2009005, -0.1011387,1695797847190
0.03926108, 0.1114875, 0.4527285, 0.8837794,-0.1023035, 0.2506258, 0.4686337, 0.8408942,-0.3292981, 0.1122928, 0.5194432, 0.780469,-0.4961967, -0.007257459, 0.5313927, 0.6865551,-0.1101632, -0.01951318, -0.07683309, 0.9907472,-0.5846717, -0.02476849, -0.0957884, 0.8052143,0.9426352, -0.0351849, 0.09247117, -0.318826,0.9950616, -0.06234418, 0.07682512, -0.007972047,-0.1079706, -0.09697224, -0.1533423, 0.9774584,-0.5713593, -0.006595831, -0.1798503, 0.800724,0.9218202, -0.09527279, 0.152685, -0.3433045,0.9818487, -0.1356215, 0.1183065, -0.05986193,-0.1024656, -0.1752926, -0.1794975, 0.9625767,-0.5405951, -0.04332392, -0.2298724, 0.8081081,0.9028926, -0.09429281, 0.2140728, -0.3606474,0.9706594, -0.1573148, 0.1731194, -0.05569532,-0.06076363, -0.2487183, -0.2428742, 0.9356597,-0.4902415, -0.02809201, -0.2967024, 0.8190494,0.8633533, -0.1419268, 0.2620654, -0.407185,0.949133, -0.2200041, 0.2010464, -0.1016128,1695797847206
0.03900526, 0.1116672, 0.4529238, 0.8836679,-0.1023782, 0.2508057, 0.4687338, 0.8407757,-0.3294512, 0.1123625, 0.5196052, 0.7802865,-0.4962683, -0.007197482, 0.5315666, 0.6863694,-0.1104405, -0.019516, -0.07656606, 0.990737,-0.5848075, -0.02490001, -0.09553463, 0.8051418,0.9426807, -0.0349241, 0.09234275, -0.3187574,0.9950836, -0.0620587, 0.07678277, -0.007861375,-0.1082277, -0.09699665, -0.1530571, 0.9774722,-0.57139, -0.006779772, -0.1796034, 0.800756,0.9218364, -0.09497014, 0.1525911, -0.3433864,0.9818786, -0.1352858, 0.1183263, -0.06009171,-0.1026996, -0.1753237, -0.1791943, 0.9626026,-0.5405425, -0.04356929, -0.2296103, 0.8082046,0.9028957, -0.09393736, 0.2139976, -0.3607771,0.9706943, -0.1569254, 0.1731866, -0.055977,-0.06097407, -0.2487576, -0.2425593, 0.9357172,-0.4901662, -0.02847056, -0.2964916, 0.8191577,0.8633469, -0.1414923, 0.2621026, -0.4073258,0.9491544, -0.219569, 0.2012643, -0.1019216,1695797847225
0.03892451, 0.1118027, 0.4530216, 0.8836042,-0.1023125, 0.2510036, 0.4687752, 0.8407016,-0.3294308, 0.1124993, 0.5197085, 0.7802066,-0.4961923, -0.007057771, 0.5316983, 0.6863237,-0.1105628, -0.01945373, -0.07642576, 0.9907354,-0.5847825, -0.02474685, -0.09529518, 0.805193,0.9427173, -0.03491851, 0.09205583, -0.3187327,0.9951103, -0.06196016, 0.0765148, -0.007871593,-0.1083451, -0.09694437, -0.1529094, 0.9774875,-0.571323, -0.006761807, -0.1794132, 0.8008466,0.9218152, -0.0948712, 0.152428, -0.3435431,0.981894, -0.1351241, 0.1182215, -0.06041007,-0.1028072, -0.1752751, -0.1790397, 0.9626287,-0.5404363, -0.0436584, -0.2294419, 0.8083186,0.9028858, -0.0937764, 0.2139056, -0.3608984,0.9707155, -0.1567196, 0.1731722, -0.05623002,-0.06107448, -0.2487135, -0.2424031, 0.9357629,-0.490053, -0.02863454, -0.2963552, 0.8192691,0.8633358, -0.1412935, 0.2620734, -0.4074371,0.949167, -0.2193451, 0.2013307, -0.1021556,1695797847241
0.0391941, 0.1115153, 0.453043, 0.8836177,-0.1019686, 0.2508086, 0.4687995, 0.840788,-0.329159, 0.1122819, 0.5196833, 0.7803695,-0.4958934, -0.007209499, 0.5316257, 0.6865943,-0.1101862, -0.01955517, -0.07647609, 0.9907714,-0.5843058, -0.024519, -0.09527365, 0.8055485,0.9425977, -0.03511031, 0.09189949, -0.3191102,0.9951138, -0.06208517, 0.07631306, -0.008375332,-0.1079654, -0.09701577, -0.1529878, 0.9775102,-0.5707888, -0.006678725, -0.1794491, 0.8012201,0.9216133, -0.0949741, 0.1524025, -0.3440672,0.9818348, -0.1351792, 0.1182082, -0.06126862,-0.1024318, -0.175335, -0.1791459, 0.9626381,-0.5399383, -0.04371445, -0.2295445, 0.8086192,0.9026877, -0.0938134, 0.2140109, -0.3613217,0.9706496, -0.1567512, 0.1732937, -0.05690057,-0.06070259, -0.2487475, -0.2425301, 0.9357452,-0.4895297, -0.02872422, -0.296466, 0.8195386,0.8630812, -0.1412999, 0.262205, -0.4078893,0.9490553, -0.2193564, 0.2014942, -0.1028445,1695797847260
0.03899296, 0.1116441, 0.4531225, 0.8835695,-0.1021473, 0.2510217, 0.4688278, 0.8406869,-0.3292532, 0.1125121, 0.5197619, 0.7802441,-0.495965, -0.007008798, 0.531754, 0.6864454,-0.1104091, -0.01956086, -0.0763505, 0.9907562,-0.5842572, -0.02440677, -0.09506229, 0.8056121,0.9426007, -0.03508126, 0.09166153, -0.319173,0.9951357, -0.0619773, 0.07610089, -0.008510806,-0.1081779, -0.09703876, -0.1528464, 0.9775065,-0.5706983, -0.006724269, -0.1792921, 0.8013192,0.9215745, -0.09483983, 0.1523032, -0.3442521,0.9818419, -0.1350036, 0.1181732, -0.06160869,-0.1026322, -0.1753635, -0.1789887, 0.9626408,-0.5398771, -0.04387971, -0.2294113, 0.8086889,0.9026502, -0.09358611, 0.2140014, -0.3614798,0.9706559, -0.1565075, 0.1733793, -0.05720279,-0.06088976, -0.2487861, -0.2423607, 0.9357666,-0.4895034, -0.02897028, -0.2963708, 0.8195801,0.8630376, -0.1410138, 0.2622786, -0.4080332,0.9490479, -0.2190841, 0.2016856, -0.1031172,1695797847277
0.03876938, 0.1118921, 0.4534937, 0.8833576,-0.1023139, 0.2512473, 0.4691307, 0.8404303,-0.3292269, 0.112723, 0.5200984, 0.7800006,-0.4958192, -0.006828008, 0.5321299, 0.6862613,-0.1106675, -0.0195056, -0.07587693, 0.9907648,-0.5842276, -0.02437105, -0.09449876, 0.8057011,0.9426462, -0.03478965, 0.09117919, -0.3192086,0.9951895, -0.06154442, 0.07573803, -0.008597464,-0.1084071, -0.09700405, -0.152359, 0.9775607,-0.5707121, -0.006810424, -0.1787791, 0.8014233,0.9216137, -0.09446765, 0.1519348, -0.3444123,0.9819184, -0.1345261, 0.1179452, -0.06187013,-0.1028249, -0.175335, -0.1784885, 0.9627183,-0.5399402, -0.04412862, -0.2289518, 0.8087634,0.9027303, -0.0931126, 0.213767, -0.3615409,0.9707435, -0.1559608, 0.1733277, -0.05736595,-0.06104986, -0.2487583, -0.2418589, 0.9358934,-0.4896058, -0.02920283, -0.295914, 0.8196757,0.863174, -0.1405649, 0.2620294, -0.4080598,0.9491757, -0.2185595, 0.2016176, -0.1031868,1695797847295
0.03909396, 0.1119593, 0.4538185, 0.8831679,-0.1018482, 0.2512606, 0.4694659, 0.8402957,-0.3286698, 0.1126921, 0.5204139, 0.7800295,-0.4951433, -0.006820746, 0.5324317, 0.6865152,-0.1103801, -0.01930717, -0.07552286, 0.9908278,-0.5838697, -0.02400675, -0.0939463, 0.8060359,0.9426152, -0.0347862, 0.0905105, -0.3194908,0.9952469, -0.06132138, 0.07511271, -0.009017953,-0.1081137, -0.09678475, -0.1520331, 0.9776656,-0.5704178, -0.006538247, -0.1782785, 0.8017465,0.9215636, -0.09441846, 0.1513642, -0.3448109,0.9819729, -0.1342882, 0.1174422, -0.06247597,-0.1025151, -0.1751091, -0.1781923, 0.9628473,-0.5397753, -0.04405679, -0.2285769, 0.8089835,0.9027703, -0.09299018, 0.2134039, -0.3616868,0.9708174, -0.1556989, 0.1730498, -0.05766511,-0.0607368, -0.248505, -0.2416029, 0.9360472,-0.4894759, -0.02898073, -0.2954955, 0.8199121,0.8632884, -0.1405744, 0.2615269, -0.4081368,0.9493009, -0.2183881, 0.2011569, -0.1032973,1695797847311
0.03877742, 0.1119458, 0.4538869, 0.8831484,-0.1020821, 0.2512636, 0.4694478, 0.8402765,-0.328705, 0.1128231, 0.5203707, 0.7800246,-0.4951285, -0.006646183, 0.5324195, 0.6865371,-0.1106289, -0.01949333, -0.0754318, 0.9908034,-0.5839369, -0.02402537, -0.09385654, 0.8059971,0.9426318, -0.03471461, 0.0904498, -0.3194669,0.9952553, -0.06123514, 0.07507681, -0.008980338,-0.108339, -0.09698889, -0.1519225, 0.9776376,-0.5705359, -0.006686108, -0.1782411, 0.8016696,0.9215657, -0.09425189, 0.1514305, -0.3448218,0.9819799, -0.1341515, 0.1175499, -0.0624564,-0.1027242, -0.1753173, -0.1780617, 0.9628113,-0.5399507, -0.04429945, -0.2285653, 0.8088564,0.9027947, -0.09275492, 0.213544, -0.3616038,0.9708171, -0.155529, 0.1732491, -0.05752828,-0.06092128, -0.2487214, -0.241449, 0.9360174,-0.4896699, -0.02919684, -0.2954652, 0.8197995,0.8633327, -0.1403433, 0.2616408, -0.4080496,0.9493185, -0.2182153, 0.2013311, -0.1031614,1695797847329
0.03891187, 0.1117998, 0.4541539, 0.8830237,-0.1019748, 0.2511413, 0.4697125, 0.8401782,-0.3282961, 0.1128188, 0.5205513, 0.7800769,-0.4947217, -0.006675338, 0.5325948, 0.686694,-0.110401, -0.01957052, -0.07517403, 0.9908469,-0.5834505, -0.02409542, -0.09360717, 0.8063762,0.9424888, -0.0345229, 0.09028323, -0.319956,0.9952708, -0.06098895, 0.07498827, -0.009649369,-0.1080881, -0.0970478, -0.1516852, 0.9776964,-0.5701891, -0.00685644, -0.178047, 0.801958,0.9214544, -0.09400843, 0.151361, -0.3452161,0.9819817, -0.1338868, 0.1175672, -0.06296235,-0.1024536, -0.175368, -0.1778452, 0.9628709,-0.5397032, -0.04446006, -0.2283876, 0.8090629,0.9027317, -0.09253632, 0.2134821, -0.3618534,0.970838, -0.1553069, 0.1732552, -0.05775819,-0.0606325, -0.2487451, -0.2412533, 0.9360803,-0.4894659, -0.02926977, -0.295259, 0.819993,0.8632903, -0.1401803, 0.2615035, -0.4082832,0.9493645, -0.2180351, 0.2012344, -0.1033072,1695797847345
0.03878018, 0.1113969, 0.4544216, 0.8829427,-0.1022955, 0.2507536, 0.4699522, 0.840121,-0.3284147, 0.1124964, 0.5206505, 0.7800073,-0.4948901, -0.007064784, 0.5326185, 0.6865503,-0.1102654, -0.0200062, -0.07495222, 0.9908701,-0.5831165, -0.02466712, -0.09365271, 0.8065953,0.9423524, -0.03408561, 0.09065025, -0.3203011,0.9952486, -0.06068611, 0.07547511, -0.01004647,-0.1079008, -0.09746972, -0.1514737, 0.9777079,-0.569966, -0.007391893, -0.1780865, 0.8021031,0.9214025, -0.09360967, 0.1516795, -0.345323,0.9819632, -0.1335978, 0.1179876, -0.06307834,-0.1022356, -0.1757796, -0.1776433, 0.9628564,-0.5394663, -0.04493533, -0.228394, 0.8091929,0.9026494, -0.09217143, 0.2137462, -0.3619958,0.9708106, -0.1550611, 0.1736061, -0.0578251,-0.06037078, -0.2491278, -0.2410485, 0.9360483,-0.4891947, -0.02974495, -0.2952445, 0.820143,0.8631874, -0.1398024, 0.261743, -0.4084771,0.9493455, -0.2177853, 0.2015531, -0.103388,1695797847364
0.03837123, 0.1114716, 0.4542243, 0.8830527,-0.1027695, 0.2508939, 0.4697074, 0.8401581,-0.3287576, 0.1127807, 0.5204357, 0.7799652,-0.4952687, -0.006781423, 0.5324724, 0.6863936,-0.1106771, -0.02014167, -0.07513165, 0.9908078,-0.5833323, -0.02485155, -0.09390862, 0.8064038,0.9423684, -0.03406935, 0.09097091, -0.3201646,0.9952221, -0.06077741, 0.07577951, -0.009824879,-0.108311, -0.09763619, -0.1516179, 0.9776236,-0.5702304, -0.007566745, -0.1783312, 0.8018591,0.9214554, -0.09358882, 0.1519882, -0.3450518,0.9819404, -0.1336777, 0.1182775, -0.0627187,-0.10265, -0.1759562, -0.1777511, 0.96276,-0.5396852, -0.04506605, -0.2285788, 0.8089874,0.9026695, -0.09214202, 0.2139838, -0.3618128,0.9707763, -0.1551219, 0.1738286, -0.05756925,-0.06077894, -0.2493352, -0.2411156, 0.9359493,-0.4893912, -0.02995746, -0.2954463, 0.8199453,0.8631935, -0.1397082, 0.262045, -0.4083027,0.9493017, -0.21781, 0.2018533, -0.1031515,1695797847381
0.0379823, 0.1117163, 0.454315, 0.8829919,-0.1029697, 0.2512222, 0.4696791, 0.8400514,-0.3288028, 0.113183, 0.5204812, 0.7798575,-0.4952796, -0.006392472, 0.532607, 0.686285,-0.1111151, -0.02015035, -0.07495901, 0.9907717,-0.5837379, -0.02503925, -0.09378334, 0.806119,0.9424558, -0.03382143, 0.09098566, -0.3199293,0.995233, -0.06055734, 0.0758623, -0.009431743,-0.108734, -0.09767887, -0.1514132, 0.9776041,-0.570663, -0.007730494, -0.1781934, 0.8015804,0.9215845, -0.0933437, 0.1519856, -0.3447744,0.9819891, -0.1334529, 0.1183342, -0.06232807,-0.103055, -0.1760101, -0.1775144, 0.9627506,-0.5400825, -0.0452087, -0.228408, 0.8087626,0.9028174, -0.09189672, 0.213937, -0.3615339,0.9708329, -0.1548885, 0.1738493, -0.05717905,-0.06116302, -0.2494115, -0.2408525, 0.9359717,-0.489734, -0.03009048, -0.2952562, 0.8198042,0.863375, -0.1394761, 0.2619696, -0.4080465,0.9493922, -0.2175715, 0.2018521, -0.1028239,1695797847398
0.03789833, 0.1121237, 0.4543671, 0.882917,-0.102764, 0.2517714, 0.4696508, 0.8399279,-0.3285308, 0.1137459, 0.5205983, 0.779812,-0.4950178, -0.005880685, 0.5328472, 0.6862919,-0.1113858, -0.01985589, -0.07481363, 0.9907582,-0.5840685, -0.0249269, -0.09353703, 0.8059115,0.942553, -0.03375567, 0.09072531, -0.3197238,0.9952629, -0.0604282, 0.0756238, -0.009013155,-0.1090184, -0.09740762, -0.1512506, 0.9776247,-0.571012, -0.007501708, -0.1779005, 0.8013991,0.9217336, -0.09335232, 0.1516252, -0.344532,0.9820682, -0.1333696, 0.1179721, -0.0619443,-0.103336, -0.1757497, -0.1773356, 0.962801,-0.5404195, -0.04503924, -0.2281384, 0.808623,0.9030004, -0.0918745, 0.2136228, -0.3612682,0.9709284, -0.1547865, 0.1735419, -0.05676564,-0.06145034, -0.2491713, -0.2406718, 0.9360633,-0.4899908, -0.02984522, -0.2949471, 0.819771,0.8636118, -0.1395345, 0.261562, -0.4077869,0.9495361, -0.2175034, 0.2014368, -0.1024533,1695797847415
0.03784226, 0.1122376, 0.4541397, 0.883022,-0.1025716, 0.2519894, 0.4693682, 0.840044,-0.3284015, 0.1140169, 0.5203896, 0.7799662,-0.4949021, -0.005550936, 0.5327048, 0.6864887,-0.1115254, -0.01976789, -0.07503867, 0.9907272,-0.5841931, -0.02473144, -0.09367948, 0.8058107,0.9425635, -0.03398822, 0.09073197, -0.3196661,0.9952558, -0.06065844, 0.07555158, -0.008859201,-0.1091802, -0.09733112, -0.1514625, 0.9775814,-0.5711448, -0.007246589, -0.1780155, 0.8012812,0.9217457, -0.09361402, 0.1515864, -0.3444457,0.982058, -0.1336149, 0.117852, -0.06180667,-0.1035164, -0.175679, -0.1775341, 0.9627579,-0.5405501, -0.04488295, -0.2282858, 0.8085027,0.9030107, -0.09206934, 0.2136636, -0.3611688,0.9709119, -0.1549999, 0.1735048, -0.05658032,-0.06164932, -0.2491208, -0.2408574, 0.936016,-0.4900404, -0.02962806, -0.2950491, 0.8197125,0.8636132, -0.1397672, 0.2615281, -0.4077258,0.9495201, -0.2177173, 0.2013231, -0.1023706,1695797847432
0.03780514, 0.1121669, 0.4539819, 0.8831137,-0.1024181, 0.2519985, 0.4691586, 0.8401771,-0.3283817, 0.1140219, 0.5202038, 0.7800978,-0.4948407, -0.005448837, 0.5325254, 0.6866729,-0.1115444, -0.01983232, -0.07522542, 0.9907097,-0.5843191, -0.02475343, -0.09390514, 0.8056924,0.942593, -0.03409934, 0.09092933, -0.3195114,0.9952359, -0.06083077, 0.07570024, -0.008636572,-0.1092064, -0.09739655, -0.151645, 0.9775437,-0.5712824, -0.007169678, -0.1782017, 0.8011424,0.9217784, -0.09378036, 0.1516987, -0.3442635,0.9820381, -0.1338101, 0.1179072, -0.06159449,-0.1035542, -0.1757448, -0.1777118, 0.9627091,-0.5406922, -0.0448202, -0.2284826, 0.8083556,0.9030589, -0.09224086, 0.2137868, -0.3609315,0.9708876, -0.1552176, 0.173553, -0.05625029,-0.06169436, -0.2491933, -0.2410252, 0.9359505,-0.4901093, -0.02949716, -0.2951969, 0.8196228,0.8636773, -0.1399946, 0.2615584, -0.4074926,0.9495106, -0.2179547, 0.2012637, -0.1020703,1695797847450
0.03772844, 0.1122379, 0.4539058, 0.8831471,-0.1021194, 0.2522584, 0.4689685, 0.8402416,-0.3281828, 0.1142768, 0.5201025, 0.7802117,-0.4946758, -0.005180485, 0.5324838, 0.6868261,-0.1116565, -0.01980593, -0.07529058, 0.9906926,-0.5844657, -0.02482611, -0.09400031, 0.8055727,0.9426049, -0.03408408, 0.09105311, -0.3194427,0.995226, -0.06085724, 0.07582077, -0.008538052,-0.1093247, -0.09737906, -0.1517008, 0.9775236,-0.5714268, -0.007104905, -0.1782384, 0.8010318,0.9218096, -0.09384286, 0.1517002, -0.3441623,0.9820416, -0.1338761, 0.1178839, -0.06144015,-0.1036771, -0.175731, -0.1777581, 0.9626899,-0.5408463, -0.04476922, -0.2285236, 0.8082438,0.903114, -0.09230095, 0.213794, -0.3607737,0.9708925, -0.1552847, 0.1735338, -0.05603947,-0.06182127, -0.2491901, -0.2410626, 0.9359334,-0.4902107, -0.02939738, -0.2952046, 0.819563,0.863764, -0.1401048, 0.2614969, -0.4073104,0.949533, -0.218039, 0.201169, -0.1018678,1695797847468
0.0376124, 0.1125563, 0.4538049, 0.8831634,-0.1018843, 0.2527595, 0.4687688, 0.8402309,-0.3280517, 0.1147481, 0.520062, 0.7802247,-0.4945507, -0.004711818, 0.5325499, 0.6868683,-0.1119318, -0.01958906, -0.07533059, 0.9906628,-0.5847703, -0.02474851, -0.09397463, 0.805357,0.9426525, -0.03411081, 0.09099545, -0.3193159,0.9952321, -0.06087023, 0.07575312, -0.008328785,-0.1096198, -0.09718518, -0.1517203, 0.9775068,-0.571683, -0.006896813, -0.1781511, 0.8008702,0.9218743, -0.09394124, 0.151527, -0.3440384,0.9820685, -0.1339218, 0.1176874, -0.06128728,-0.1039799, -0.1755477, -0.1777575, 0.9626907,-0.5410802, -0.04461223, -0.2284435, 0.8081185,0.903194, -0.09236012, 0.2136499, -0.3606438,0.9709246, -0.1552873, 0.1733854, -0.05593495,-0.06213703, -0.2490323, -0.2410508, 0.9359575,-0.4904045, -0.02921519, -0.2951091, 0.8194879,0.8638814, -0.1402017, 0.2613167, -0.4071437,0.9495813, -0.2180557, 0.2009842, -0.1017469,1695797847485
0.03802115, 0.1127925, 0.4535275, 0.8832582,-0.1012708, 0.2530872, 0.468545, 0.8403313,-0.3277047, 0.114981, 0.5199682, 0.7803987,-0.494219, -0.00443866, 0.5325109, 0.687139,-0.1117509, -0.01914601, -0.07561285, 0.9906704,-0.5847722, -0.02427304, -0.09404381, 0.805362,0.9425848, -0.03451834, 0.09078492, -0.3195316,0.9952352, -0.06119038, 0.07542649, -0.00856846,-0.109497, -0.09673132, -0.1520162, 0.9775196,-0.5715749, -0.006314612, -0.1781701, 0.800948,0.9217613, -0.0944051, 0.1512353, -0.3443423,0.9820406, -0.1342655, 0.1172912, -0.06173941,-0.1038961, -0.1750958, -0.178068, 0.9627247,-0.5409619, -0.04408092, -0.2285003, 0.8082108,0.9030783, -0.09278892, 0.2134145, -0.3609627,0.9709035, -0.1555815, 0.1730605, -0.0564875,-0.06210792, -0.2485907, -0.2413851, 0.9359906,-0.490297, -0.02866522, -0.2951766, 0.8195474,0.8637673, -0.1406588, 0.2610862, -0.407376,0.949528, -0.2183697, 0.2006629, -0.1022042,1695797847501
0.03794171, 0.112844, 0.4534027, 0.8833191,-0.101204, 0.2532009, 0.4683771, 0.8403987,-0.3278297, 0.1150225, 0.519863, 0.7804101,-0.4943436, -0.00437474, 0.5324177, 0.687122,-0.1118628, -0.01913286, -0.0757357, 0.9906486,-0.5849319, -0.02434468, -0.09420316, 0.8052253,0.9425905, -0.03453892, 0.09096131, -0.3194625,0.995219, -0.06126514, 0.07558757, -0.008500725,-0.1096179, -0.09672695, -0.1521288, 0.9774889,-0.571697, -0.006316686, -0.1782951, 0.800833,0.9217464, -0.09445051, 0.1513543, -0.3443174,0.9820176, -0.1343406, 0.1173953, -0.06174491,-0.1040255, -0.1750951, -0.1781702, 0.962692,-0.5410953, -0.04402087, -0.2285962, 0.8080977,0.9030642, -0.092857, 0.2134751, -0.3609447,0.9708802, -0.1556523, 0.173108, -0.05654726,-0.06224414, -0.2486024, -0.2414761, 0.935955,-0.4904456, -0.02865161, -0.2952945, 0.8194165,0.8637756, -0.1407088, 0.2611911, -0.4072739,0.9494967, -0.21844, 0.2007579, -0.1021582,1695797847518
0.03801642, 0.1127126, 0.4532872, 0.8833919,-0.1009484, 0.2530858, 0.4682332, 0.8405443,-0.3278301, 0.1148141, 0.5197235, 0.7805336,-0.4942983, -0.004489863, 0.5322355, 0.687295,-0.1117504, -0.01919311, -0.07589442, 0.990648,-0.5848845, -0.02429013, -0.09436812, 0.8052421,0.942588, -0.0346863, 0.09106158, -0.3194253,0.9952046, -0.06143306, 0.07563948, -0.008511294,-0.1095119, -0.09677801, -0.1522939, 0.97747,-0.5716172, -0.006240111, -0.1784491, 0.8008563,0.92169, -0.0945987, 0.1514401, -0.34439,0.9819746, -0.1344882, 0.1174562, -0.06199074,-0.1039305, -0.1751428, -0.1783412, 0.9626619,-0.541012, -0.04397972, -0.2287684, 0.808107,0.9029963, -0.09298572, 0.2135951, -0.3610103,0.97083, -0.155792, 0.1731994, -0.05674516,-0.06215756, -0.2486472, -0.2416477, 0.9359046,-0.4903577, -0.02858931, -0.2954535, 0.819414,0.8637036, -0.1408507, 0.2612876, -0.4073155,0.9494324, -0.2185861, 0.2008238, -0.1023133,1695797847537
0.03760558, 0.1128164, 0.4534881, 0.8832932,-0.1012112, 0.2532018, 0.4683109, 0.8404344,-0.3281234, 0.1148571, 0.5198405, 0.7803261,-0.4944323, -0.004392506, 0.5323598, 0.6871029,-0.1121182, -0.0193429, -0.07562727, 0.990624,-0.5852239, -0.02463292, -0.09422693, 0.8050016,0.9426967, -0.03431652, 0.09114753, -0.3191198,0.9952132, -0.06111665, 0.0758304, -0.008083208,-0.1098465, -0.09695528, -0.1520004, 0.9774606,-0.5719734, -0.006559534, -0.1782964, 0.8006334,0.9218054, -0.09422409, 0.1515072, -0.3441543,0.9820209, -0.1341573, 0.1176199, -0.06166357,-0.1042358, -0.1753272, -0.1780211, 0.9626545,-0.5413591, -0.04426868, -0.2285844, 0.8079107,0.9031351, -0.09262158, 0.213616, -0.3607444,0.9708794, -0.1554593, 0.1733291, -0.05641489,-0.06242676, -0.248842, -0.2413029, 0.9359239,-0.4907257, -0.02888231, -0.2952685, 0.81925,0.8638977, -0.1404913, 0.2613042, -0.4070174,0.9495177, -0.218251, 0.2009581, -0.1019726,1695797847554
0.03743786, 0.1130099, 0.4538117, 0.8831093,-0.101208, 0.2534198, 0.4685444, 0.840239,-0.3281433, 0.1149515, 0.5201361, 0.7801068,-0.4942935, -0.004282005, 0.5326698, 0.6869633,-0.112309, -0.01929929, -0.07522028, 0.9906342,-0.5854587, -0.02492902, -0.0939036, 0.8048595,0.9428002, -0.03388631, 0.09105526, -0.3188863,0.9952395, -0.06069062, 0.07586825, -0.007679042,-0.1100121, -0.09692683, -0.1515839, 0.9775095,-0.5722377, -0.006747713, -0.1779331, 0.8005238,0.9219496, -0.09385899, 0.1513149, -0.3439523,0.982105, -0.1337613, 0.1175314, -0.06135167,-0.1043702, -0.1753031, -0.177596, 0.9627229,-0.5416384, -0.04440986, -0.2282069, 0.8078225,0.90333, -0.09230028, 0.2133806, -0.3604778,0.9709842, -0.1550929, 0.1731959, -0.05602812,-0.06253349, -0.2488163, -0.2408785, 0.9360329,-0.4910021, -0.02902699, -0.2948983, 0.8192126,0.864167, -0.1402038, 0.2610565, -0.4067035,0.9496724, -0.217904, 0.200812, -0.1015613,1695797847571
0.03738532, 0.1131454, 0.4537877, 0.8831066,-0.1011022, 0.253624, 0.4684748, 0.8402289,-0.3281545, 0.1150898, 0.5201424, 0.7800775,-0.4942385, -0.004102526, 0.5327072, 0.6869749,-0.112426, -0.01921047, -0.07521614, 0.990623,-0.5856783, -0.02501403, -0.09392647, 0.8046944,0.9428536, -0.03382139, 0.09112628, -0.3187151,0.9952378, -0.06066302, 0.07594658, -0.007344713,-0.1101356, -0.09684775, -0.1515713, 0.9775054,-0.5724207, -0.006701044, -0.1778985, 0.800401,0.922008, -0.09386744, 0.1512669, -0.3438146,0.9821237, -0.1337608, 0.1174768, -0.0611576,-0.1044954, -0.1752284, -0.1775751, 0.9627268,-0.5418106, -0.0443348, -0.22816, 0.8077244,0.90341, -0.09233175, 0.2133012, -0.3603164,0.971011, -0.1551042, 0.1731048, -0.0558131,-0.06266253, -0.2487515, -0.2408533, 0.936048,-0.4911622, -0.02902851, -0.294887, 0.8191207,0.8642794, -0.140216, 0.2610373, -0.4064728,0.9497005, -0.217904, 0.2007955, -0.1013309,1695797847589
0.03728123, 0.1133825, 0.4535938, 0.8831801,-0.1010523, 0.2539039, 0.4682499, 0.8402758,-0.328249, 0.1153343, 0.5200222, 0.7800817,-0.4942071, -0.003740903, 0.5326454, 0.6870475,-0.1126637, -0.01904716, -0.07537594, 0.990587,-0.5859659, -0.02488253, -0.09401669, 0.8044785,0.9428811, -0.03395722, 0.09113279, -0.3186172,0.9952341, -0.06080256, 0.07590341, -0.007131669,-0.110397, -0.09670408, -0.1517116, 0.9774684,-0.5726212, -0.006525377, -0.1779588, 0.8002456,0.9219977, -0.09400734, 0.1512433, -0.3438144,0.9821146, -0.1338893, 0.1174119, -0.06114822,-0.104772, -0.1750939, -0.1776961, 0.9626988,-0.5419937, -0.04416832, -0.2282091, 0.8075968,0.9034078, -0.09244878, 0.2132685, -0.3603112,0.9710033, -0.1551925, 0.1730477, -0.05587791,-0.06295688, -0.2486432, -0.2409596, 0.9360296,-0.4913677, -0.02895858, -0.2949851, 0.8189646,0.8642995, -0.1402879, 0.2611018, -0.4063639,0.9496684, -0.2179624, 0.2008661, -0.1013662,1695797847606
0.03720848, 0.1135436, 0.4534226, 0.8832504,-0.101061, 0.2540618, 0.4680739, 0.8403251,-0.32834, 0.1154885, 0.5199066, 0.7800976,-0.4942427, -0.003520902, 0.5325675, 0.6870834,-0.1128329, -0.01893341, -0.07552797, 0.9905583,-0.5861304, -0.02491563, -0.09417161, 0.8043395,0.9428333, -0.03399042, 0.09128928, -0.3187103,0.9952186, -0.06089134, 0.07603504, -0.007127598,-0.1105855, -0.0966043, -0.1518493, 0.9774355,-0.5726851, -0.006462398, -0.1780603, 0.8001778,0.9219351, -0.09408212, 0.1513136, -0.3439308,0.9820862, -0.133977, 0.1174624, -0.06131374,-0.1049741, -0.1750008, -0.1778194, 0.962671,-0.5420012, -0.04406949, -0.2282716, 0.8075795,0.9033157, -0.09251324, 0.213287, -0.3605146,0.9709738, -0.1552396, 0.1730627, -0.05621184,-0.06317402, -0.2485702, -0.2410712, 0.9360057,-0.4913853, -0.02896792, -0.2950967, 0.8189135,0.8642137, -0.140296, 0.2612245, -0.4064646,0.9496034, -0.2179768, 0.2010157, -0.1016475,1695797847623
0.03720564, 0.1136754, 0.4533871, 0.8832518,-0.1010158, 0.2542876, 0.4680255, 0.8402891,-0.3283334, 0.1156878, 0.5199292, 0.7800559,-0.4942425, -0.003343659, 0.5326339, 0.687033,-0.1129079, -0.01882021, -0.07554013, 0.990551,-0.5861602, -0.02509569, -0.09423792, 0.8043044,0.9427795, -0.03386503, 0.09145349, -0.3188356,0.9952075, -0.06083038, 0.07622496, -0.007176509,-0.1106706, -0.09649774, -0.1518562, 0.9774354,-0.5726901, -0.00650329, -0.1780642, 0.800173,0.9219093, -0.09403834, 0.1513471, -0.3439973,0.9820763, -0.1339362, 0.117517, -0.06145678,-0.1050634, -0.1748978, -0.1778214, 0.9626796,-0.5419511, -0.04401335, -0.2282201, 0.8076308,0.9032682, -0.09250981, 0.2132218, -0.3606729,0.9709726, -0.1551963, 0.1730193, -0.05648581,-0.06327081, -0.2484756, -0.2410724, 0.9360239,-0.4913131, -0.02901166, -0.2950876, 0.8189585,0.864178, -0.1402541, 0.2612416, -0.406544,0.9495856, -0.2179231, 0.201067, -0.1018274,1695797847642
0.03714397, 0.1135559, 0.4536636, 0.8831278,-0.1012713, 0.2541494, 0.4683085, 0.8401424,-0.3285431, 0.1154741, 0.520164, 0.7798427,-0.4944588, -0.003650558, 0.5328147, 0.6867355,-0.112857, -0.01898021, -0.07525533, 0.9905754,-0.5862014, -0.02566308, -0.09419816, 0.8042611,0.9427258, -0.03336066, 0.09175485, -0.3189612,0.9951972, -0.06046116, 0.07665725, -0.00711484,-0.1105867, -0.09665263, -0.1515779, 0.9774728,-0.5727147, -0.006866935, -0.1779421, 0.8001796,0.9219315, -0.09366769, 0.1514494, -0.3439938,0.9820972, -0.1336124, 0.1177212, -0.06143742,-0.1049529, -0.1750482, -0.1775496, 0.9627145,-0.5418518, -0.0442819, -0.2280457, 0.8077319,0.9032317, -0.09218282, 0.2132325, -0.3608417,0.9709913, -0.1548894, 0.173133, -0.05665805,-0.06313079, -0.2486076, -0.2408059, 0.9360669,-0.4911424, -0.02934325, -0.294925, 0.8191077,0.8641434, -0.1399036, 0.2612829, -0.4067117,0.9496115, -0.217613, 0.2012123, -0.1019611,1695797847659
0.03733489, 0.1130868, 0.4538144, 0.8831025,-0.101072, 0.2537252, 0.4684484, 0.8402167,-0.3283922, 0.1150142, 0.5201847, 0.7799604,-0.4944187, -0.004166087, 0.5327317, 0.6868259,-0.1124344, -0.01928936, -0.07519566, 0.990622,-0.5859389, -0.0261866, -0.09442176, 0.8044093,0.9426221, -0.03306923, 0.09223682, -0.3191589,0.9951617, -0.06034548, 0.07719864, -0.007208466,-0.1101358, -0.09692671, -0.1515499, 0.9775009,-0.5724463, -0.00716157, -0.1780775, 0.8003389,0.9218758, -0.09353326, 0.151705, -0.3440669,0.9820642, -0.1335561, 0.118007, -0.06153914,-0.1044911, -0.1753064, -0.1775526, 0.9627172,-0.5415344, -0.04449075, -0.2281619, 0.8079005,0.903141, -0.09212101, 0.2134268, -0.3609696,0.9709469, -0.154896, 0.1733336, -0.05678701,-0.06265101, -0.2488273, -0.2408273, 0.9360353,-0.490715, -0.02961408, -0.2950427, 0.8193116,0.8640125, -0.1398152, 0.2614936, -0.4068848,0.949549, -0.2176072, 0.2014307, -0.1021255,1695797847675
0.0371618, 0.1130689, 0.4539116, 0.8830621,-0.1011918, 0.2538016, 0.4684806, 0.8401613,-0.328467, 0.1150955, 0.5202329, 0.7798847,-0.4945861, -0.004183981, 0.5327961, 0.6866552,-0.112556, -0.01940569, -0.07508162, 0.9906146,-0.5859843, -0.02653056, -0.09444646, 0.8043621,0.9426304, -0.03280206, 0.09245555, -0.3190986,0.9951512, -0.06016646, 0.07748549, -0.007071411,-0.110239, -0.09705162, -0.151427, 0.9774959,-0.5724819, -0.007350398, -0.1780344, 0.8003213,0.9219424, -0.0933732, 0.1517621, -0.3439071,0.9820859, -0.1334282, 0.1180982, -0.06129451,-0.1045802, -0.1754327, -0.1774206, 0.9627088,-0.5415244, -0.04468849, -0.2281021, 0.8079131,0.9031792, -0.09194732, 0.2134791, -0.3608873,0.9709582, -0.154751, 0.1734352, -0.05667835,-0.06272165, -0.2489543, -0.240685, 0.9360334,-0.4906496, -0.02988755, -0.2949995, 0.8193565,0.8640525, -0.1396087, 0.2615863, -0.4068111,0.949566, -0.2174489, 0.2015787, -0.1020117,1695797847694
0.03701629, 0.1134217, 0.4539424, 0.8830072,-0.1012758, 0.2542366, 0.468477, 0.8400216,-0.3285645, 0.115478, 0.5203574, 0.779704,-0.4948292, -0.003985392, 0.533002, 0.6863214,-0.1128536, -0.01918792, -0.07496702, 0.9905937,-0.5862188, -0.0266792, -0.09433954, 0.8041989,0.9426769, -0.03260421, 0.09245915, -0.3189805,0.995159, -0.05998696, 0.07754543, -0.006852029,-0.1105458, -0.09685856, -0.151292, 0.9775013,-0.572629, -0.007346326, -0.1778518, 0.8002567,0.9220361, -0.09327805, 0.1516062, -0.3437502,0.9821352, -0.1333018, 0.1179656, -0.06103524,-0.1048829, -0.1752502, -0.1772661, 0.9627376,-0.5415386, -0.04467046, -0.227873, 0.8079693,0.903221, -0.09183183, 0.2132803, -0.3609297,0.9710065, -0.1545638, 0.1732962, -0.05678808,-0.06302661, -0.248793, -0.2405223, 0.9360976,-0.4906531, -0.03003523, -0.2948454, 0.8194044,0.8641092, -0.1394175, 0.2615314, -0.4067916,0.949609, -0.2172419, 0.2015983, -0.1020143,1695797847711
0.03670771, 0.1135304, 0.453492, 0.8832375,-0.1015501, 0.2544158, 0.4679966, 0.840202,-0.3289376, 0.1157427, 0.5199537, 0.7797768,-0.4953349, -0.003734742, 0.5326671, 0.686218,-0.1132363, -0.01921727, -0.07542458, 0.9905147,-0.5864768, -0.02672739, -0.09482836, 0.8039516,0.9426703, -0.03282494, 0.092894, -0.3188508,0.9951125, -0.06033847, 0.07788479, -0.006661913,-0.1109554, -0.09691738, -0.1517138, 0.9773837,-0.5728157, -0.007348128, -0.178303, 0.8000227,0.9220136, -0.09350807, 0.1519941, -0.3435768,0.9820693, -0.1336463, 0.1182566, -0.06077808,-0.1053218, -0.1753208, -0.1776507, 0.9626059,-0.5415551, -0.04463457, -0.2282426, 0.8078559,0.9031069, -0.09203251, 0.2135812, -0.3609861,0.9709153, -0.154847, 0.1735204, -0.05689097,-0.06348603, -0.2489056, -0.2408643, 0.9359487,-0.4906335, -0.0301564, -0.2952606, 0.8192622,0.8639384, -0.1395, 0.2619695, -0.4068442,0.9494635, -0.2174606, 0.201988, -0.102131,1695797847727
0.03629799, 0.1137592, 0.45284, 0.8835594,-0.1019317, 0.2547693, 0.4673141, 0.8404285,-0.3294169, 0.1162371, 0.5194024, 0.7798683,-0.4959412, -0.003221363, 0.5322401, 0.6861141,-0.1137957, -0.01917967, -0.07607421, 0.9904016,-0.5868422, -0.02665163, -0.09544978, 0.8036138,0.9426919, -0.03322092, 0.0933667, -0.318608,0.9950573, -0.06087031, 0.07820342, -0.006329947,-0.1115596, -0.0969234, -0.1523118, 0.9772213,-0.5730962, -0.007257362, -0.1788938, 0.7996906,0.9219782, -0.09387667, 0.152456, -0.3433664,0.9819794, -0.1341431, 0.1185802, -0.06050511,-0.1059702, -0.1753449, -0.1781957, 0.9624296,-0.5416686, -0.0444989, -0.2287348, 0.8076481,0.9029714, -0.09235611, 0.2139395, -0.3610303,0.9707975, -0.1552575, 0.1737667, -0.05703023,-0.0641691, -0.2489925, -0.241351, 0.9357536,-0.4907348, -0.03016401, -0.2957933, 0.8190091,0.863745, -0.1397025, 0.2624629, -0.4068672,0.9492809, -0.2177985, 0.202404, -0.1022853,1695797847746
0.0362895, 0.1139486, 0.4524124, 0.8837544,-0.1019231, 0.2550512, 0.4669161, 0.8405653,-0.3295525, 0.116547, 0.5191132, 0.7799574,-0.4961394, -0.002890332, 0.5320276, 0.686137,-0.1139639, -0.01898357, -0.07650733, 0.9903527,-0.5869517, -0.02638687, -0.09576684, 0.8035049,0.9426771, -0.03360784, 0.09347763, -0.3185785,0.9950342, -0.06127453, 0.07818559, -0.00628056,-0.1117734, -0.09674173, -0.1527276, 0.97715,-0.5731215, -0.006941861, -0.1791754, 0.7996122,0.9219028, -0.09427229, 0.1525279, -0.3434285,0.9819233, -0.1345387, 0.1185385, -0.0606189,-0.1062219, -0.1751719, -0.1785939, 0.9623595,-0.5415992, -0.04422785, -0.2289999, 0.8076344,0.9028386, -0.09268926, 0.2140227, -0.3612277,0.9707255, -0.1555746, 0.173763, -0.05740101,-0.06446042, -0.2488523, -0.2417326, 0.9356723,-0.490654, -0.02989461, -0.2960527, 0.8189737,0.8635936, -0.140029, 0.2625505, -0.4070199,0.9491776, -0.2181159, 0.2024014, -0.1025719,1695797847763
0.03617192, 0.1141534, 0.4521406, 0.8838719,-0.1020005, 0.2553011, 0.4666418, 0.8406323,-0.3297713, 0.116779, 0.5189373, 0.7799472,-0.4963687, -0.002638924, 0.5319082, 0.6860648,-0.1142081, -0.01884716, -0.07675861, 0.9903077,-0.5871817, -0.02624691, -0.095949, 0.8033198,0.9426652, -0.03379979, 0.09355579, -0.3185707,0.9950208, -0.06148692, 0.07819507, -0.006205714,-0.1120452, -0.09662522, -0.1529575, 0.9770944,-0.5732052, -0.006767228, -0.1793239, 0.7995205,0.9218177, -0.09445417, 0.152582, -0.3435832,0.9818828, -0.1347209, 0.118546, -0.06085426,-0.1065149, -0.1750648, -0.1788023, 0.962308,-0.5415341, -0.04411604, -0.2291263, 0.8076482,0.9026754, -0.09278345, 0.2140942, -0.3615689,0.9706662, -0.1556495, 0.1738343, -0.05798332,-0.06477515, -0.2487745, -0.2419219, 0.9356224,-0.4905919, -0.02981274, -0.2961871, 0.8189652,0.8634005, -0.1400835, 0.2626636, -0.4073378,0.9490786, -0.2181645, 0.2025336, -0.1031226,1695797847780
0.03605163, 0.1144458, 0.451883, 0.8839707,-0.1022128, 0.2556333, 0.4664167, 0.8406305,-0.3300671, 0.117099, 0.5188263, 0.779848,-0.496701, -0.00235363, 0.5318716, 0.6858536,-0.1144972, -0.01863948, -0.07697611, 0.9902614,-0.587434, -0.02608714, -0.09607357, 0.8031256,0.9426355, -0.03396569, 0.09357885, -0.3186339,0.995013, -0.06165745, 0.07816027, -0.006201397,-0.1123654, -0.09644143, -0.1531511, 0.9770455,-0.5733382, -0.006614041, -0.1794339, 0.7994017,0.9217452, -0.09459091, 0.1526199, -0.3437229,0.9818499, -0.1348545, 0.1185518, -0.0610773,-0.1068558, -0.1748924, -0.178972, 0.96227,-0.5414836, -0.04397345, -0.2291875, 0.8076726,0.9025069, -0.09285255, 0.2141004, -0.3619679,0.9706208, -0.1556827, 0.1738489, -0.0586062,-0.06513983, -0.248635, -0.2420733, 0.935595,-0.4905582, -0.02972031, -0.2962701, 0.8189588,0.8632051, -0.140101, 0.2627375, -0.4076979,0.9489957, -0.2181741, 0.2026311, -0.1036721,1695797847797
0.0356061, 0.1147955, 0.4521303, 0.883817,-0.1026794, 0.2559387, 0.4665904, 0.8403842,-0.3304529, 0.1173412, 0.5190783, 0.7794803,-0.4970341, -0.002204925, 0.5321714, 0.6853802,-0.1150126, -0.01860428, -0.07660488, 0.9902311,-0.5878906, -0.02647041, -0.09580315, 0.8028111,0.9426659, -0.033449, 0.09359536, -0.3185937,0.9950305, -0.06118765, 0.07832623, -0.005956518,-0.1128555, -0.09644647, -0.1527444, 0.9770522,-0.5737053, -0.006921578, -0.1791191, 0.7992063,0.921793, -0.09409435, 0.1525706, -0.3437531,0.9819049, -0.134366, 0.1186479, -0.06108415,-0.1073135, -0.1749105, -0.1785305, 0.9622977,-0.5416334, -0.04426777, -0.2288023, 0.8076653,0.9024729, -0.09230151, 0.2139872, -0.3622605,0.9706729, -0.1551007, 0.1739365, -0.0590257,-0.06556524, -0.2486743, -0.2416079, 0.9356751,-0.4907051, -0.03005875, -0.2958981, 0.8189929,0.8631937, -0.1395146, 0.2626687, -0.4079675,0.9490601, -0.2175724, 0.2027842, -0.104047,1695797847815
0.03541784, 0.1148924, 0.4520612, 0.8838472,-0.1027913, 0.256071, 0.4664752, 0.8403942,-0.3305117, 0.1175344, 0.5189963, 0.7794809,-0.4971192, -0.002019741, 0.5321348, 0.6853474,-0.1152305, -0.01861585, -0.07665002, 0.9902021,-0.5879681, -0.02648533, -0.09583864, 0.8027497,0.9425707, -0.03342101, 0.09364589, -0.3188633,0.9950253, -0.06118235, 0.07837881, -0.006174184,-0.1130743, -0.09647483, -0.1527718, 0.9770197,-0.5737396, -0.006941555, -0.179147, 0.7991752,0.9216824, -0.09403928, 0.1526383, -0.3440346,0.9818751, -0.134322, 0.1187411, -0.06147676,-0.1075331, -0.1749448, -0.17854, 0.9622653,-0.5415581, -0.04436352, -0.228819, 0.8077058,0.9022912, -0.0921478, 0.2140911, -0.3626904,0.9706265, -0.1549592, 0.1741088, -0.05964925,-0.06578256, -0.2487244, -0.2415999, 0.9356486,-0.4906086, -0.03011175, -0.2958828, 0.8190542,0.8629925, -0.1393622, 0.2627385, -0.4084001,0.9489961, -0.2174221, 0.2029309, -0.1046573,1695797847832
0.0356719, 0.1147252, 0.452216, 0.8837796,-0.1025553, 0.2559479, 0.4666537, 0.8403615,-0.3301468, 0.1174528, 0.5191144, 0.7795692,-0.4968188, -0.002153244, 0.5322315, 0.6854897,-0.1149085, -0.01863685, -0.07652849, 0.9902485,-0.5876333, -0.02652312, -0.09573911, 0.8030054,0.9423736, -0.03331228, 0.09359351, -0.3194724,0.9950297, -0.0610633, 0.07836279, -0.006806241,-0.112744, -0.09647075, -0.1526769, 0.9770731,-0.5733942, -0.007001701, -0.1790598, 0.7994421,0.9214601, -0.09390348, 0.1526223, -0.3446735,0.981836, -0.1341644, 0.1187912, -0.0623427,-0.1071962, -0.1749313, -0.178472, 0.9623179,-0.5411807, -0.04441655, -0.228737, 0.807979,0.9020308, -0.09199756, 0.2140792, -0.3633828,0.9705873, -0.154783, 0.1741714, -0.06055501,-0.06544256, -0.2486844, -0.2415577, 0.935694,-0.4902327, -0.03009025, -0.2957717, 0.8193202,0.8627006, -0.1392367, 0.2626774, -0.4090982,0.9489334, -0.2172559, 0.2029438, -0.105542,1695797847848
0.03608003, 0.1144651, 0.4520921, 0.8838601,-0.1021566, 0.25572, 0.4665997, 0.8405094,-0.3297223, 0.1173032, 0.5189875, 0.7798558,-0.49649, -0.002286385, 0.532074, 0.6858496,-0.1144517, -0.018628, -0.07674292, 0.990285,-0.5872579, -0.02627104, -0.09588924, 0.8032703,0.9421999, -0.03359939, 0.09357348, -0.31996,0.9950177, -0.06132281, 0.07825872, -0.007409108,-0.1123051, -0.09642654, -0.1529244, 0.9770893,-0.5730014, -0.00680736, -0.179237, 0.7996857,0.9212165, -0.09414016, 0.1526757, -0.345236,0.9817498, -0.1343755, 0.1188085, -0.06320693,-0.1067788, -0.1748756, -0.1787525, 0.9623224,-0.5408549, -0.04422822, -0.2289506, 0.808147,0.901777, -0.09222693, 0.2141698, -0.3639008,0.9704966, -0.154992, 0.1742182, -0.06133355,-0.06504911, -0.2486066, -0.2418648, 0.9356627,-0.4899222, -0.02983413, -0.2959631, 0.8194461,0.8624037, -0.1394863, 0.2627314, -0.4096043,0.9488013, -0.2174782, 0.202947, -0.1062635,1695797847865
0.03655184, 0.1139731, 0.4521626, 0.8838682,-0.1016687, 0.2552221, 0.4667214, 0.8406523,-0.3293121, 0.116778, 0.5189701, 0.7801195,-0.4960974, -0.00275378, 0.5319394, 0.6862363,-0.1137937, -0.01879967, -0.0767937, 0.9903536,-0.5868092, -0.0259482, -0.09587733, 0.8036101,0.9421015, -0.03387822, 0.09337044, -0.3202794,0.9950233, -0.06150837, 0.07799033, -0.00793798,-0.1116395, -0.09654595, -0.1530249, 0.9771381,-0.5725031, -0.006637148, -0.1792945, 0.800031,0.9210098, -0.09432021, 0.1526246, -0.3457604,0.9816827, -0.1344931, 0.1187526, -0.06409808,-0.106118, -0.174975, -0.1789023, 0.9623496,-0.5404693, -0.04420133, -0.2291218, 0.8083578,0.9015881, -0.09235208, 0.2142934, -0.3642641,0.9704152, -0.1551031, 0.1743375, -0.06199747,-0.06439234, -0.2486597, -0.2420525, 0.9356455,-0.4895394, -0.02970575, -0.2960943, 0.8196322,0.8621841, -0.1396631, 0.2627708, -0.4099809,0.9486974, -0.217622, 0.2029653, -0.1068599,1695797847883
0.03742204, 0.1134326, 0.4522363, 0.8838637,-0.1007398, 0.2545944, 0.4669169, 0.8408459,-0.3286243, 0.1160197, 0.5190078, 0.7804975,-0.4953862, -0.00340374, 0.5318065, 0.68685,-0.1127757, -0.01880093, -0.07687395, 0.9904638,-0.5863624, -0.02531833, -0.09579044, 0.8039666,0.94205, -0.03437531, 0.09292559, -0.3205074,0.995044, -0.06182226, 0.07742631, -0.00840443,-0.1106325, -0.09646821, -0.1531837, 0.9772354,-0.571958, -0.006160063, -0.1792846, 0.8004268,0.9208089, -0.09472477, 0.1523422, -0.3463093,0.981626, -0.134756, 0.1184134, -0.06503385,-0.1051278, -0.1748698, -0.17914, 0.9624332,-0.5401095, -0.04387181, -0.2292817, 0.8085709,0.9014623, -0.09274496, 0.214227, -0.3645146,0.9703569, -0.1554056, 0.1741951, -0.062551,-0.06342789, -0.2484898, -0.2423605, 0.9356768,-0.4892382, -0.02919326, -0.2962055, 0.8197902,0.8620707, -0.1401827, 0.2625619, -0.4101758,0.9486381, -0.2180159, 0.2026302, -0.1072186,1695797847901
0.03801771, 0.1128764, 0.4519588, 0.8840513,-0.1002502, 0.2539966, 0.466772, 0.8411655,-0.3282993, 0.1154469, 0.5187123, 0.7809156,-0.4951163, -0.003859263, 0.5313902, 0.6873642,-0.1120331, -0.01892778, -0.07732862, 0.9905103,-0.5860294, -0.02464387, -0.0960774, 0.8041961,0.9420639, -0.03513676, 0.09275556, -0.3204332,0.9950318, -0.06247301, 0.07704096, -0.008572042,-0.1099144, -0.09653641, -0.1536898, 0.9772303,-0.5715849, -0.005754046, -0.1796926, 0.8006049,0.9206654, -0.09531883, 0.1524365, -0.3464862,0.9815223, -0.13532, 0.1183683, -0.06550988,-0.1044475, -0.1749176, -0.1796965, 0.9623948,-0.5399264, -0.04353677, -0.2298027, 0.8085634,0.9013661, -0.09334992, 0.214454, -0.3644648,0.9702441, -0.1560351, 0.1742347, -0.06262352,-0.0627834, -0.248502, -0.2429506, 0.935564,-0.4891083, -0.02874849, -0.2966943, 0.8197067,0.8619323, -0.1408342, 0.262716, -0.4101447,0.9484965, -0.218681, 0.2025651, -0.1072398,1695797847918
0.03804308, 0.1128509, 0.4518396, 0.8841145,-0.1003628, 0.2538676, 0.4667109, 0.841225,-0.3283676, 0.1153772, 0.5186096, 0.7809654,-0.4952226, -0.003926373, 0.5312743, 0.6873767,-0.1120168, -0.01892449, -0.07746698, 0.9905014,-0.5862583, -0.02430433, -0.09610441, 0.8040364,0.9422275, -0.03544975, 0.09257469, -0.3199697,0.9950415, -0.06271224, 0.07677196, -0.008095914,-0.1099079, -0.09653185, -0.1538277, 0.9772097,-0.5717729, -0.00562184, -0.179806, 0.8004461,0.920748, -0.09549836, 0.1524529, -0.34621,0.9815161, -0.1354869, 0.1183433, -0.06530251,-0.1044517, -0.1749131, -0.1798338, 0.9623695,-0.5401942, -0.04338977, -0.2299373, 0.8083541,0.9014704, -0.09354765, 0.2144823, -0.3641391,0.9702401, -0.1562298, 0.1742012, -0.06229256,-0.06279738, -0.2485018, -0.2430848, 0.9355283,-0.4894389, -0.02860891, -0.2968479, 0.8194586,0.8620245, -0.1410067, 0.2627817, -0.4098496,0.9484892, -0.2188686, 0.2025676, -0.1069158,1695797847935
0.03806294, 0.1128226, 0.4517932, 0.8841409,-0.1003965, 0.2538267, 0.4666846, 0.8412479,-0.3283654, 0.1153723, 0.518567, 0.7809952,-0.4952875, -0.003968143, 0.5312314, 0.6873629,-0.1119926, -0.01893338, -0.07752509, 0.9904994,-0.5863605, -0.02405865, -0.09607663, 0.8039725,0.9423703, -0.03566239, 0.09239985, -0.3195758,0.9950532, -0.06285606, 0.07654184, -0.007718765,-0.1098872, -0.0965388, -0.1538869, 0.9772021,-0.5718555, -0.005550067, -0.1798513, 0.8003774,0.9208456, -0.09561283, 0.1524319, -0.3459278,0.981519, -0.1355741, 0.1183088, -0.06513912,-0.1044353, -0.1749195, -0.1798939, 0.9623589,-0.5403107, -0.04332863, -0.2300005, 0.8082616,0.9015787, -0.09367154, 0.2144836, -0.3638382,0.9702476, -0.1563457, 0.1741654, -0.06198435,-0.06278465, -0.2485085, -0.2431445, 0.9355118,-0.4895685, -0.02855112, -0.2969166, 0.8193583,0.8621024, -0.1411095, 0.2627979, -0.4096398,0.948498, -0.2189775, 0.2025426, -0.1066622,1695797847952
0.03801071, 0.1127576, 0.4518392, 0.884128,-0.1005398, 0.2537659, 0.4667343, 0.8412215,-0.3284161, 0.1153531, 0.5185863, 0.780964,-0.4953551, -0.00401069, 0.5312457, 0.6873029,-0.1119964, -0.01902044, -0.07748455, 0.9905005,-0.5863535, -0.02398776, -0.09601393, 0.8039872,0.9424762, -0.03571403, 0.09229624, -0.3192875,0.9950634, -0.06287371, 0.07642634, -0.007397208,-0.1098807, -0.09662551, -0.153846, 0.9772007,-0.571908, -0.005616909, -0.1798518, 0.8003393,0.9209467, -0.0955923, 0.1524478, -0.3456573,0.9815337, -0.1355518, 0.1183382, -0.06491085,-0.1044226, -0.175005, -0.1798524, 0.9623525,-0.5404131, -0.04339141, -0.2300097, 0.8081871,0.9016875, -0.09366384, 0.2145096, -0.3635552,0.9702638, -0.156352, 0.1741877, -0.06165173,-0.06276286, -0.2485905, -0.2431002, 0.935503,-0.4896664, -0.02862543, -0.2969289, 0.8192928,0.8621781, -0.1410742, 0.2628388, -0.4094665,0.9485183, -0.2189673, 0.2025821, -0.1064275,1695797847969
0.03845965, 0.1126426, 0.4516192, 0.8842356,-0.1001629, 0.2535886, 0.4666339, 0.8413756,-0.3281999, 0.1151416, 0.5184562, 0.7811725,-0.4951295, -0.0041399, 0.5310718, 0.687599,-0.1115936, -0.01885798, -0.07777692, 0.9905261,-0.5861472, -0.02331107, -0.09605572, 0.8041525,0.942564, -0.0363376, 0.09192218, -0.3190657,0.9950762, -0.06333771, 0.0758844, -0.007299086,-0.1095141, -0.0964329, -0.1541671, 0.9772102,-0.5717616, -0.005134481, -0.1799888, 0.8004164,0.9209607, -0.09610999, 0.1522669, -0.3455561,0.9815077, -0.1359766, 0.1180368, -0.06496461,-0.1040881, -0.1748045, -0.1802026, 0.9623596,-0.540408, -0.04296976, -0.2302321, 0.8081497,0.9017559, -0.09419278, 0.2144317, -0.3632949,0.9702444, -0.1568227, 0.1739536, -0.06142132,-0.06246778, -0.2483785, -0.2434773, 0.935481,-0.4896984, -0.02810588, -0.2971281, 0.8192194,0.862243, -0.1416676, 0.2626887, -0.4092212,0.9485027, -0.2194849, 0.202241, -0.106149,1695797847988
0.03877756, 0.1127222, 0.4515162, 0.8842642,-0.09995757, 0.2536388, 0.4666331, 0.8413854,-0.3280697, 0.1151472, 0.5184787, 0.7812114,-0.494971, -0.004108293, 0.5310953, 0.6876952,-0.1113827, -0.01861197, -0.07789273, 0.9905454,-0.5859503, -0.02265943, -0.09588527, 0.8043351,0.942642, -0.03681002, 0.09139177, -0.3189337,0.9951072, -0.06360333, 0.07524659, -0.007368396,-0.1093332, -0.09617227, -0.1542996, 0.9772353,-0.5716157, -0.004726653, -0.179929, 0.8005365,0.9209825, -0.09644854, 0.1519686, -0.345535,0.9815145, -0.1362002, 0.1176702, -0.06505776,-0.103927, -0.1745418, -0.1803524, 0.9623967,-0.5404388, -0.04262229, -0.2302451, 0.8081438,0.9018496, -0.09452946, 0.2142281, -0.3630947,0.9702682, -0.1570717, 0.1736605, -0.06123892,-0.06233655, -0.2481125, -0.2436495, 0.9355155,-0.4898231, -0.02768686, -0.297142, 0.8191541,0.8623627, -0.1420574, 0.2624492, -0.4089873,0.9485418, -0.2197793, 0.2018835, -0.1058705,1695797848004
0.03875997, 0.1129397, 0.4516099, 0.8841893,-0.1001304, 0.2538182, 0.4667692, 0.8412353,-0.3281041, 0.1153421, 0.5186456, 0.7810574,-0.4949335, -0.003927629, 0.5313019, 0.6875636,-0.1114943, -0.0184466, -0.07774395, 0.9905477,-0.5860583, -0.0223685, -0.09557786, 0.804301,0.9427531, -0.03688242, 0.09096793, -0.318718,0.9951442, -0.06352986, 0.07482936, -0.007253243,-0.1094482, -0.09601682, -0.1541451, 0.9772621,-0.5717515, -0.004634044, -0.1797078, 0.8004897,0.921066, -0.09640059, 0.1517342, -0.3454289,0.9815651, -0.1360891, 0.1174569, -0.06491256,-0.1040354, -0.174391, -0.180193, 0.9624422,-0.5406935, -0.04252263, -0.2300431, 0.8080362,0.9019974, -0.09449682, 0.2140055, -0.3628672,0.9703396, -0.1569781, 0.1734528, -0.06093508,-0.0624449, -0.2479679, -0.243494, 0.9355871,-0.4901827, -0.02750907, -0.2969348, 0.8190201,0.8625594, -0.1420722, 0.262188, -0.408735,0.9486532, -0.219723, 0.2016156, -0.105499,1695797848021
0.03847529, 0.1133145, 0.4516481, 0.8841344,-0.1004264, 0.2541126, 0.4667848, 0.8411024,-0.3283322, 0.115634, 0.5187389, 0.7808564,-0.4949645, -0.003551134, 0.531459, 0.6874219,-0.1119191, -0.01828495, -0.07760889, 0.9905133,-0.586353, -0.02196008, -0.09521496, 0.8041406,0.942942, -0.03701818, 0.09043112, -0.318296,0.99519, -0.0634768, 0.07428883, -0.006977894,-0.1098752, -0.09588937, -0.1539797, 0.9772527,-0.5720536, -0.004465274, -0.1794399, 0.800335,0.9211959, -0.09637619, 0.1514274, -0.3452238,0.981628, -0.135973, 0.1171749, -0.06471311,-0.1044534, -0.1742769, -0.1799978, 0.9624541,-0.5411056, -0.04249752, -0.22983, 0.8078223,0.902201, -0.09438781, 0.2138195, -0.3624989,0.9704154, -0.1568112, 0.173315, -0.06054933,-0.06285717, -0.2478811, -0.2432797, 0.9356382,-0.490683, -0.02738527, -0.2966973, 0.8188106,0.8628406, -0.1420314, 0.2619281, -0.408322,0.9487823, -0.2195954, 0.201388, -0.1050372,1695797848042
0.03861916, 0.1132678, 0.4516365, 0.88414,-0.1001772, 0.2539911, 0.4667822, 0.8411703,-0.3281444, 0.115496, 0.5187078, 0.7809764,-0.4946755, -0.00357594, 0.5313985, 0.6876766,-0.1117762, -0.01824684, -0.07763953, 0.9905277,-0.5862429, -0.02158408, -0.09509398, 0.8042454,0.9429796, -0.03727441, 0.09010746, -0.3182463,0.9952091, -0.06360693, 0.07391141, -0.007078532,-0.1097383, -0.09584043, -0.1540214, 0.9772664,-0.5719352, -0.004270906, -0.1793973, 0.8004302,0.9211511, -0.09651385, 0.1512835, -0.345368,0.9816245, -0.1360594, 0.117002, -0.06489695,-0.1043218, -0.1742246, -0.1800506, 0.9624679,-0.5410953, -0.04239921, -0.2298538, 0.8078276,0.9022173, -0.09449527, 0.2137781, -0.3624549,0.9704164, -0.1568986, 0.1732434, -0.06051156,-0.06273322, -0.2478215, -0.2433435, 0.9356458,-0.4907296, -0.02723328, -0.2967128, 0.8187822,0.8628867, -0.1421812, 0.2618486, -0.4082236,0.9487913, -0.2197063, 0.2012692, -0.1049519,1695797848057
0.038766, 0.1132959, 0.4518026, 0.8840451,-0.1000358, 0.2539102, 0.4669774, 0.8411031,-0.3279641, 0.1153816, 0.5188693, 0.7809618,-0.4943808, -0.003634169, 0.5315309, 0.6877858,-0.1116421, -0.01816083, -0.07745892, 0.9905586,-0.5862322, -0.0212632, -0.09476924, 0.8043,0.9430444, -0.03736074, 0.08965215, -0.318173,0.9952472, -0.06354167, 0.07345604, -0.007052688,-0.1095999, -0.09574466, -0.1538541, 0.9773176,-0.5719573, -0.004116353, -0.1791525, 0.80047,0.9211706, -0.09649637, 0.151, -0.3454449,0.9816703, -0.1359697, 0.1167254, -0.06489111,-0.1041743, -0.1741257, -0.1798974, 0.9625304,-0.5412259, -0.04231913, -0.2296793, 0.807794,0.9023098, -0.09446531, 0.2135879, -0.3623444,0.9704766, -0.1568307, 0.1730539, -0.06026375,-0.06258271, -0.2477091, -0.2432092, 0.9357205,-0.4909145, -0.02702233, -0.2965012, 0.818755,0.8630326, -0.1422438, 0.2615529, -0.4080828,0.9488913, -0.2196843, 0.2009527, -0.1046996,1695797848075
0.038907, 0.1130855, 0.4518975, 0.8840173,-0.09995016, 0.2536409, 0.4670987, 0.8411273,-0.3278171, 0.1151368, 0.5189012, 0.7810385,-0.4942414, -0.003869706, 0.5315072, 0.687903,-0.1114019, -0.01827267, -0.07740514, 0.9905878,-0.5859674, -0.02119994, -0.09470671, 0.804502,0.9430164, -0.03739643, 0.08955617, -0.3182786,0.9952531, -0.06353982, 0.07335865, -0.00723915,-0.1093477, -0.09583704, -0.153819, 0.9773424,-0.5717754, -0.004146422, -0.1791402, 0.8006026,0.9211404, -0.09648506, 0.1509935, -0.3455313,0.9816698, -0.1359632, 0.1167151, -0.06493023,-0.1039167, -0.1742098, -0.1798808, 0.9625462,-0.5411529, -0.04236302, -0.2297048, 0.8078333,0.9023175, -0.09447037, 0.2136218, -0.362304,0.9704804, -0.1568728, 0.1730602, -0.06007319,-0.06231821, -0.2477722, -0.2432065, 0.9357222,-0.4908727, -0.02701684, -0.2965122, 0.8187763,0.8630595, -0.1422864, 0.2615415, -0.4080182,0.9489093, -0.219747, 0.2008996, -0.1045065,1695797848094
0.03901272, 0.1130804, 0.4521001, 0.8839097,-0.09991331, 0.2536288, 0.4673207, 0.8410119,-0.3276346, 0.1151406, 0.5190943, 0.7809861,-0.4941341, -0.003972749, 0.5316958, 0.6878337,-0.1112799, -0.01824008, -0.07718857, 0.990619,-0.585917, -0.02123523, -0.09449451, 0.8045627,0.9430767, -0.0372637, 0.08939555, -0.3181608,0.9952735, -0.06336302, 0.07324804, -0.007114872,-0.1092143, -0.09579525, -0.1536149, 0.9773934,-0.5718532, -0.004227526, -0.1789647, 0.8005859,0.9212428, -0.09634049, 0.1508799, -0.3453483,0.981724, -0.1358081, 0.1166294, -0.06458986,-0.1037694, -0.1741644, -0.1796898, 0.962606,-0.5413501, -0.04232932, -0.2295256, 0.8077539,0.9024923, -0.09443063, 0.2134399, -0.3619859,0.9705627, -0.1568253, 0.1728571, -0.05945027,-0.0621614, -0.2477113, -0.2430323, 0.935794,-0.491097, -0.02695953, -0.2963384, 0.8187066,0.8632843, -0.1422868, 0.2613383, -0.4076726,0.9490346, -0.2197301, 0.2006537, -0.1038752,1695797848108
0.03911638, 0.1128961, 0.4521827, 0.8838864,-0.09990732, 0.2534025, 0.4674332, 0.8410184,-0.3275541, 0.1149429, 0.5191288, 0.7810261,-0.494102, -0.004202085, 0.531685, 0.6878638,-0.1110863, -0.01834848, -0.07714088, 0.9906424,-0.585821, -0.02137652, -0.09453104, 0.8046246,0.9430884, -0.03718476, 0.08950067, -0.3181057,0.9952672, -0.06331943, 0.07337387, -0.007079266,-0.1090092, -0.09588782, -0.1535822, 0.9774124,-0.5718572, -0.004381897, -0.179021, 0.8005696,0.92128, -0.09626253, 0.1510008, -0.3452181,0.9817308, -0.1357844, 0.1167489, -0.06431923,-0.103559, -0.1742501, -0.1796719, 0.9626164,-0.5414338, -0.04234132, -0.2295581, 0.8076879,0.9025676, -0.09446461, 0.2134622, -0.3617762,0.9705824, -0.1569064, 0.1728296, -0.05899269,-0.06194377, -0.2477794, -0.2430249, 0.9357923,-0.4912121, -0.02695998, -0.296375, 0.8186243,0.8633713, -0.1423306, 0.2613561, -0.4074617,0.9490692, -0.2198182, 0.2006114, -0.1034536,1695797848127
0.03878986, 0.1126598, 0.4521345, 0.8839556,-0.1005662, 0.2531999, 0.4673892, 0.8410253,-0.328036, 0.1148622, 0.5190082, 0.7809158,-0.494759, -0.004417661, 0.5315481, 0.6874959,-0.1112473, -0.01871708, -0.07722354, 0.990611,-0.5858035, -0.02188293, -0.09485978, 0.804585,0.9430852, -0.03697108, 0.09005765, -0.3179829,0.9952263, -0.06329613, 0.07396513, -0.006891019,-0.1091436, -0.09626622, -0.1536488, 0.9773498,-0.5719901, -0.004937038, -0.1793752, 0.8003921,0.9213444, -0.09602289, 0.1515897, -0.3448546,0.9817043, -0.1357561, 0.1173461, -0.06369346,-0.1036847, -0.1746283, -0.179721, 0.9625252,-0.5415777, -0.04263214, -0.2297875, 0.8075109,0.902609, -0.094367, 0.2138099, -0.361493,0.9705567, -0.1569949, 0.1731253, -0.05830918,-0.06204483, -0.2481619, -0.2430436, 0.9356794,-0.4913695, -0.02739776, -0.2966566, 0.8184132,0.8633711, -0.1421143, 0.2618383, -0.4072279,0.9490325, -0.2198487, 0.201053, -0.1028667,1695797848144
0.03861956, 0.1129097, 0.4520978, 0.8839499,-0.1009044, 0.2534716, 0.4673754, 0.8409107,-0.3281776, 0.1152282, 0.5190473, 0.7807764,-0.4949963, -0.004170668, 0.5316674, 0.6872344,-0.1115235, -0.01859299, -0.07720324, 0.9905839,-0.5859959, -0.022018, -0.09486149, 0.804441,0.9431569, -0.03686126, 0.09013736, -0.3177603,0.9952254, -0.06322438, 0.0740687, -0.006554851,-0.1094275, -0.0961645, -0.153608, 0.9773344,-0.5723011, -0.005087409, -0.1793887, 0.8001658,0.9214731, -0.09590437, 0.1516857, -0.3445011,0.9817419, -0.1357012, 0.1174367, -0.06306044,-0.1039685, -0.1745357, -0.17966, 0.9625228,-0.5419129, -0.04255082, -0.2297023, 0.8073145,0.9027628, -0.09437885, 0.2136969, -0.3611726,0.9706201, -0.1570262, 0.1729638, -0.05764435,-0.0623308, -0.2480902, -0.2429691, 0.9356987,-0.4917301, -0.02736055, -0.2965994, 0.8182186,0.8635256, -0.1420897, 0.261783, -0.4069444,0.9491137, -0.219862, 0.2009491, -0.1022904,1695797848162
0.03883388, 0.1131793, 0.4520001, 0.8839561,-0.1007575, 0.2537009, 0.4673618, 0.8408666,-0.3279494, 0.1155022, 0.5190862, 0.7808059,-0.4948775, -0.003987339, 0.5317662, 0.6872445,-0.1114958, -0.01824206, -0.0772685, 0.9905885,-0.5860637, -0.02170271, -0.09476269, 0.8044118,0.9431651, -0.03705288, 0.08987802, -0.3177871,0.9952419, -0.06332964, 0.07375861, -0.006517878,-0.1094343, -0.09581397, -0.153677, 0.9773573,-0.5724202, -0.004817077, -0.1793165, 0.8000985,0.9214944, -0.09607072, 0.151486, -0.344486,0.9817669, -0.1358196, 0.1171778, -0.06289833,-0.1039931, -0.1741893, -0.1797338, 0.9625691,-0.5420385, -0.04218368, -0.2296091, 0.807276,0.9028065, -0.09460685, 0.2134229, -0.3611657,0.9706697, -0.157187, 0.1726037, -0.05744962,-0.06238585, -0.2477536, -0.2430582, 0.9357611,-0.4918701, -0.02696171, -0.2965103, 0.81818,0.8635547, -0.1423294, 0.2615103, -0.4069742,0.949163, -0.2200229, 0.2005871, -0.1021975,1695797848178
0.03888004, 0.113352, 0.4516958, 0.8840874,-0.1006431, 0.2539449, 0.467077, 0.8409649,-0.3279163, 0.1157819, 0.5188868, 0.780911,-0.4949841, -0.003759267, 0.5316341, 0.6872712,-0.111591, -0.01804266, -0.07757187, 0.9905577,-0.5861434, -0.02141287, -0.09493681, 0.804341,0.9431984, -0.03739264, 0.08985154, -0.317656,0.9952326, -0.06364506, 0.07362618, -0.006368819,-0.1095669, -0.09562336, -0.1539704, 0.9773149,-0.5724798, -0.00460594, -0.1795173, 0.8000119,0.9214776, -0.0963501, 0.1515399, -0.344429,0.9817358, -0.1361052, 0.1171454, -0.0628266,-0.1041546, -0.174005, -0.1800172, 0.962532,-0.5421032, -0.04190082, -0.2297747, 0.8072001,0.902802, -0.09492488, 0.2134042, -0.3611045,0.9706486, -0.1574904, 0.1724786, -0.05735062,-0.06258014, -0.2475923, -0.2433344, 0.9357191,-0.4919743, -0.02676423, -0.2967248, 0.818046,0.863527, -0.1425871, 0.2615929, -0.4068896,0.9491126, -0.2203002, 0.2005736, -0.102095,1695797848196
0.03895194, 0.1138189, 0.4517609, 0.883991,-0.1003135, 0.2544295, 0.4671137, 0.8408375,-0.3276961, 0.1161502, 0.5190749, 0.7808238,-0.4947041, -0.003407196, 0.5319003, 0.6872687,-0.1117591, -0.01761628, -0.07740878, 0.9905592,-0.5864162, -0.02109372, -0.09457444, 0.8041932,0.9433091, -0.0374362, 0.0893745, -0.3174564,0.9952761, -0.06354633, 0.07315145, -0.006018719,-0.1097592, -0.09521316, -0.1537991, 0.9773603,-0.5726734, -0.004248343, -0.1791344, 0.7999612,0.9215621, -0.0964122, 0.151036, -0.344407,0.9818115, -0.136021, 0.1166426, -0.06276222,-0.104348, -0.1736044, -0.1798394, 0.9626166,-0.5423033, -0.04162879, -0.2294329, 0.807177,0.9029309, -0.0949431, 0.2129747, -0.3610311,0.9707451, -0.1573643, 0.1720724, -0.0572835,-0.06279046, -0.2472079, -0.2431684, 0.9358498,-0.4921925, -0.02650634, -0.2964105, 0.8180372,0.8637005, -0.142625, 0.2611893, -0.4067673,0.9492255, -0.2201824, 0.2002035, -0.102025,1695797848214
0.03954365, 0.1137882, 0.4516867, 0.8840066,-0.09945894, 0.2544295, 0.4670879, 0.8409533,-0.3271669, 0.1159842, 0.5190887, 0.7810611,-0.494153, -0.003503371, 0.531877, 0.6876826,-0.1112573, -0.01732064, -0.07753089, 0.9906113,-0.5861813, -0.02058442, -0.09449343, 0.8043872,0.9432802, -0.03781926, 0.08900804, -0.3176,0.9952936, -0.06379513, 0.07268362, -0.006166757,-0.1092938, -0.09488065, -0.1539608, 0.9774194,-0.5723558, -0.003728976, -0.179055, 0.8002089,0.9214632, -0.09681051, 0.1506729, -0.3447187,0.9817989, -0.136282, 0.1161972, -0.06321598,-0.1039077, -0.1732625, -0.1800417, 0.9626881,-0.5420246, -0.04121186, -0.2294423, 0.8073829,0.9028713, -0.0953249, 0.2127331, -0.3612219,0.9707412, -0.1576272, 0.1717436, -0.05761357,-0.06238997, -0.2468448, -0.2434157, 0.9359081,-0.4919185, -0.02608955, -0.2964404, 0.8182045,0.8636416, -0.1430369, 0.260956, -0.4068975,0.9491976, -0.2204664, 0.1998804, -0.1023053,1695797848231
0.03946201, 0.1136128, 0.4517294, 0.884011,-0.09937119, 0.2542903, 0.4670574, 0.8410227,-0.3272099, 0.1157869, 0.5190372, 0.7811066,-0.4942274, -0.00370139, 0.5317824, 0.6877013,-0.11123, -0.01751627, -0.07751498, 0.9906122,-0.5862888, -0.02091428, -0.09465092, 0.8042818,0.9433046, -0.03764043, 0.0893275, -0.317459,0.9952737, -0.06373969, 0.07303052, -0.005830001,-0.1092488, -0.09507275, -0.153946, 0.9774081,-0.5724191, -0.003968881, -0.1791729, 0.800136,0.9214827, -0.09668054, 0.1509025, -0.3446027,0.9817947, -0.1362439, 0.1164315, -0.06293238,-0.1038549, -0.1734512, -0.1800272, 0.9626625,-0.5420496, -0.04136362, -0.2295214, 0.8073359,0.9028738, -0.09524909, 0.2128818, -0.361148,0.970726, -0.1576193, 0.171893, -0.05744619,-0.06232234, -0.247026, -0.2433951, 0.9358701,-0.4919295, -0.02636028, -0.296565, 0.8181441,0.8636174, -0.1428812, 0.2612099, -0.4068407,0.9491568, -0.2204036, 0.2001697, -0.1022529,1695797848247
0.03909786, 0.1137973, 0.4517056, 0.8840156,-0.09967239, 0.2544919, 0.4669617, 0.8409792,-0.3275271, 0.1159806, 0.5190066, 0.7809652,-0.4945141, -0.003512931, 0.531796, 0.6874856,-0.1116337, -0.01755172, -0.07748257, 0.9905687,-0.5867416, -0.02124335, -0.09474669, 0.8039317,0.9434084, -0.03740935, 0.08960333, -0.3171,0.9952611, -0.06362517, 0.07334885, -0.005205979,-0.1096452, -0.09513932, -0.1538822, 0.9773672,-0.5728129, -0.004154467, -0.179198, 0.7998477,0.9216231, -0.09652933, 0.151034, -0.3442118,0.9818248, -0.1361539, 0.1165817, -0.06237743,-0.1042431, -0.1735282, -0.1799319, 0.9626244,-0.5423522, -0.04147925, -0.2294831, 0.8071376,0.9029772, -0.09511149, 0.2129244, -0.3609006,0.970751, -0.1575176, 0.1719628, -0.05709163,-0.06269774, -0.2471278, -0.2432704, 0.9358506,-0.4922014, -0.02657205, -0.296557, 0.8179765,0.8637102, -0.1426749, 0.2613351, -0.4066356,0.949177, -0.2202485, 0.2003565, -0.1020335,1695797848265
0.03892021, 0.1138053, 0.451911, 0.8839174,-0.0997178, 0.2544743, 0.4670892, 0.8409083,-0.327601, 0.1158956, 0.5191317, 0.7808637,-0.4945511, -0.003614424, 0.5318989, 0.6873789,-0.1117562, -0.01765891, -0.07724392, 0.9905716,-0.5870768, -0.02182488, -0.09475907, 0.8036698,0.9434685, -0.0369242, 0.08995671, -0.316878,0.9952502, -0.06330103, 0.07381454, -0.004629899,-0.1097414, -0.09525529, -0.1536363, 0.9773839,-0.5730957, -0.004458923, -0.1790933, 0.7996668,0.9217559, -0.09621785, 0.1511173, -0.3439066,0.9818763, -0.1359041, 0.1167235, -0.06184311,-0.1043162, -0.1736453, -0.1796788, 0.9626427,-0.5425191, -0.04167574, -0.229321, 0.8070614,0.9030764, -0.0948604, 0.2129002, -0.3607326,0.9707994, -0.1572939, 0.1719989, -0.05677604,-0.0627447, -0.2472412, -0.2430111, 0.9358848,-0.4922931, -0.02683156, -0.2964072, 0.8179672,0.8638176, -0.1423992, 0.261342, -0.4064996,0.9492381, -0.2199982, 0.2004444, -0.1018323,1695797848284
0.03869759, 0.1134978, 0.452319, 0.8837581,-0.09988223, 0.2541263, 0.4673954, 0.8408239,-0.3277388, 0.1154746, 0.5193306, 0.780736,-0.4946955, -0.004099398, 0.531998, 0.6871955,-0.1117248, -0.01807582, -0.07684343, 0.9905987,-0.587129, -0.0227593, -0.09478189, 0.8036031,0.9434445, -0.03616664, 0.09051832, -0.3168769,0.9952282, -0.06277744, 0.07456933, -0.004378438,-0.1096471, -0.0956668, -0.1532405, 0.9774163,-0.573088, -0.005139258, -0.1790071, 0.7996876,0.9218003, -0.09562241, 0.1514144, -0.343823,0.9819087, -0.1354473, 0.1171494, -0.0615247,-0.1041773, -0.1740491, -0.1792872, 0.9626579,-0.542393, -0.04222518, -0.2291602, 0.8071632,0.9030746, -0.09434246, 0.2130654, -0.3607755,0.9708185, -0.1568768, 0.1722993, -0.0566927,-0.06254933, -0.2476169, -0.2426157, 0.9359012,-0.4920908, -0.02749725, -0.2962724, 0.8181157,0.8638027, -0.1418164, 0.2615751, -0.4065851,0.9492582, -0.2195359, 0.2008418, -0.1018599,1695797848300
0.03849093, 0.1134384, 0.4525387, 0.8836622,-0.1000907, 0.2540769, 0.4675544, 0.8407257,-0.3279487, 0.1153589, 0.5194752, 0.7805687,-0.4949605, -0.004320488, 0.5321123, 0.6869147,-0.111835, -0.01825674, -0.07660089, 0.9906018,-0.5873691, -0.0235303, -0.09487361, 0.8033946,0.9435176, -0.03558955, 0.09103879, -0.3165751,0.9952041, -0.0624162, 0.07522561, -0.003763499,-0.1097246, -0.09585499, -0.1529913, 0.9774283,-0.5733472, -0.005599357, -0.1789721, 0.7995065,0.9219564, -0.0952396, 0.1516304, -0.3434154,0.9819601, -0.1351828, 0.1174221, -0.06076207,-0.1042289, -0.174237, -0.1790309, 0.962666,-0.5425754, -0.04247547, -0.2290304, 0.8070644,0.9032254, -0.09409565, 0.2130847, -0.3604508,0.970872, -0.1566889, 0.1723592, -0.0561114,-0.06256939, -0.2477983, -0.242351, 0.9359204,-0.4922355, -0.02787643, -0.2961902, 0.8180456,0.8639936, -0.1415261, 0.2616794, -0.4062134,0.9493359, -0.2193329, 0.2009945, -0.1012699,1695797848317
0.03851647, 0.1135565, 0.4529537, 0.8834333,-0.1000939, 0.2541529, 0.4679579, 0.8404778,-0.327913, 0.1153011, 0.5198884, 0.7803171,-0.4949279, -0.004515179, 0.5325016, 0.6866353,-0.1118113, -0.01818282, -0.07611976, 0.9906429,-0.5875148, -0.02402547, -0.09456881, 0.8033093,0.9436194, -0.03501849, 0.09107244, -0.3163258,0.9952232, -0.06190713, 0.07541877, -0.003199095,-0.1096742, -0.09577982, -0.1525185, 0.9775152,-0.5735784, -0.005816696, -0.1785671, 0.7994296,0.9221702, -0.09486187, 0.1513978, -0.3430483,0.9820793, -0.1347952, 0.1172618, -0.06000244,-0.1041451, -0.1741605, -0.1785678, 0.9627749,-0.5427788, -0.04256327, -0.2285936, 0.8070468,0.9034805, -0.09383404, 0.2127483, -0.3600784,0.971011, -0.1563806, 0.1720807, -0.05541573,-0.06245959, -0.2477038, -0.2419076, 0.9360675,-0.4924007, -0.02799601, -0.295774, 0.8180926,0.8643217, -0.1413012, 0.2613427, -0.4058103,0.9495381, -0.2190581, 0.2006978, -0.1005556,1695797848334
0.03865992, 0.1135244, 0.4531499, 0.8833305,-0.09997996, 0.2541414, 0.468167, 0.8403783,-0.3277805, 0.1152294, 0.5200869, 0.780251,-0.4948562, -0.004685664, 0.5326784, 0.6865487,-0.1116448, -0.01815242, -0.07591776, 0.9906778,-0.5875319, -0.02427607, -0.09447407, 0.8033004,0.9436897, -0.03477694, 0.0911331, -0.316125,0.9952275, -0.06171332, 0.07553902, -0.002770877,-0.1094972, -0.09573672, -0.1523323, 0.9775683,-0.5737026, -0.005848687, -0.1783991, 0.7993778,0.9223227, -0.09477614, 0.1512545, -0.3427249,0.9821505, -0.1347096, 0.1171059, -0.05932948,-0.1039558, -0.1741125, -0.1783979, 0.9628355,-0.5429299, -0.04252118, -0.2284304, 0.8069936,0.903677, -0.09383689, 0.2125632, -0.3596934,0.9710912, -0.1563734, 0.1718599, -0.05471296,-0.06226245, -0.2476379, -0.2417571, 0.936137,-0.492512, -0.02793807, -0.2956071, 0.8180879,0.864576, -0.1413624, 0.2611145, -0.4053938,0.9496689, -0.2190949, 0.2004034, -0.09982428,1695797848354
0.03852677, 0.11353, 0.4534336, 0.88319,-0.1002242, 0.2541381, 0.4684299, 0.8402038,-0.3278545, 0.115229, 0.5203221, 0.7800633,-0.4949599, -0.004796382, 0.5329069, 0.6862958,-0.1117167, -0.01824537, -0.07559531, 0.9906926,-0.5876239, -0.02472628, -0.09432729, 0.8032367,0.9436983, -0.03431612, 0.09127667, -0.3161084,0.9952307, -0.06133264, 0.07581117, -0.002601847,-0.1095386, -0.0958346, -0.1520076, 0.9776046,-0.5739153, -0.006118784, -0.1781905, 0.7992696,0.9224292, -0.09443139, 0.151235, -0.342542,0.9822223, -0.13442, 0.1171348, -0.05873786,-0.1039689, -0.17421, -0.1780714, 0.9628769,-0.5431698, -0.04270341, -0.2281987, 0.806888,0.9038141, -0.09355488, 0.2124752, -0.3594743,0.9711662, -0.1561238, 0.1718243, -0.05420325,-0.06224591, -0.2477255, -0.2414312, 0.9361989,-0.4927659, -0.02807915, -0.2953622, 0.8180187,0.8647896, -0.1411354, 0.2609752, -0.405107,0.9498007, -0.2188832, 0.2002933, -0.09925386,1695797848371
0.03895914, 0.1137269, 0.4535809, 0.8830701,-0.09982698, 0.2542409, 0.4686757, 0.8400829,-0.3274162, 0.1152755, 0.5205832, 0.7800663,-0.4944647, -0.004756364, 0.5331723, 0.6864469,-0.1114316, -0.01786327, -0.07541721, 0.9907452,-0.5875299, -0.02426928, -0.09392092, 0.803367,0.9437504, -0.03446971, 0.09067511, -0.3161091,0.9952803, -0.06128581, 0.07519431, -0.002626101,-0.1092755, -0.09543314, -0.1518566, 0.9776968,-0.5738867, -0.005602213, -0.1777771, 0.799386,0.9224953, -0.09463993, 0.1505966, -0.3425878,0.9823022, -0.1344401, 0.1164557, -0.05870603,-0.103709, -0.1738051, -0.1779491, 0.9630007,-0.5432396, -0.04233588, -0.2279042, 0.8069437,0.9039606, -0.09372596, 0.2120097, -0.3593363,0.9712628, -0.1561429, 0.1713244, -0.05400032,-0.0620078, -0.2473048, -0.2413516, 0.9363465,-0.4928537, -0.02754453, -0.2950218, 0.8181068,0.8650256, -0.1414633, 0.2603549, -0.4048878,0.9499581, -0.2190024, 0.1995859, -0.09890902,1695797848386
0.03939899, 0.1137232, 0.4535158, 0.8830845,-0.09955489, 0.2541421, 0.4687482, 0.8401046,-0.3271467, 0.1151698, 0.5206237, 0.7801679,-0.4941357, -0.004799145, 0.5331886, 0.6866708,-0.1110699, -0.01762643, -0.07551524, 0.9907826,-0.5873981, -0.02369837, -0.09378808, 0.8034959,0.9437732, -0.0348748, 0.09023061, -0.3161239,0.9953063, -0.06152073, 0.07465263, -0.002759268,-0.1089427, -0.09516989, -0.1519832, 0.9777399,-0.5737679, -0.005126788, -0.1776958, 0.7994925,0.9224656, -0.09499302, 0.1502611, -0.3427172,0.9823134, -0.1346837, 0.1160275, -0.05880772,-0.1033959, -0.1735354, -0.1781051, 0.9630542,-0.5432101, -0.04196293, -0.2279174, 0.8069792,0.9039894, -0.09406068, 0.2118014, -0.3592993,0.9712799, -0.1563995, 0.1710159, -0.05392652,-0.06172581, -0.2470209, -0.2415408, 0.9363913,-0.492874, -0.0270918, -0.2950264, 0.818108,0.865092, -0.1418732, 0.2600895, -0.4047731,0.9499887, -0.2193135, 0.1991886, -0.09872676,1695797848403
0.03944794, 0.1135572, 0.453589, 0.8830661,-0.09963346, 0.2538695, 0.4688577, 0.8401166,-0.3272172, 0.1148832, 0.5206526, 0.7801613,-0.4941667, -0.005056768, 0.5331526, 0.6866746,-0.110933, -0.01774757, -0.07547108, 0.9907992,-0.5873402, -0.02347767, -0.09367498, 0.8035579,0.9438623, -0.03501813, 0.08999963, -0.315908,0.9953223, -0.06157149, 0.07439861, -0.002693738,-0.1087931, -0.09527952, -0.1519494, 0.9777511,-0.5737233, -0.005066435, -0.1776557, 0.7995338,0.9225125, -0.09504738, 0.1501773, -0.3426126,0.9823296, -0.1347149, 0.1159272, -0.05866269,-0.1032402, -0.1736395, -0.1780815, 0.9630564,-0.5432456, -0.04202007, -0.2279505, 0.8069431,0.9040815, -0.09408133, 0.2118391, -0.3590397,0.9712901, -0.1564474, 0.1710301, -0.05355785,-0.0615611, -0.2471111, -0.2415231, 0.9363829,-0.4929298, -0.02710035, -0.2950416, 0.8180686,0.865204, -0.1419309, 0.2600761, -0.404522,0.9500242, -0.219388, 0.1991303, -0.09833675,1695797848421
0.03950363, 0.1134729, 0.4533029, 0.8832213,-0.09976058, 0.2537521, 0.4686481, 0.8402539,-0.3273425, 0.1148512, 0.5204137, 0.7802728,-0.4943489, -0.005061399, 0.5329124, 0.6867298,-0.1108864, -0.01776196, -0.0758077, 0.9907784,-0.5872304, -0.02315619, -0.09390038, 0.8036212,0.9439136, -0.03544048, 0.0899859, -0.3157112,0.9953089, -0.06196034, 0.07425905, -0.002594099,-0.1087687, -0.09529016, -0.1522854, 0.9777005,-0.5737258, -0.004896911, -0.1779527, 0.7994671,0.9225485, -0.09538516, 0.1503091, -0.342364,0.9823008, -0.1350949, 0.1159332, -0.05825791,-0.1032411, -0.1736499, -0.1784161, 0.9629925,-0.5433407, -0.0418353, -0.228258, 0.8068016,0.9041396, -0.09444259, 0.2119729, -0.3587196,0.9712557, -0.1568717, 0.1710064, -0.05301316,-0.06158421, -0.2471307, -0.24185, 0.9362918,-0.4930511, -0.02693487, -0.295361, 0.8178857,0.8652582, -0.142282, 0.2602296, -0.404184,0.9499864, -0.2198146, 0.199111, -0.09778684,1695797848438
0.03909926, 0.1130476, 0.4532137, 0.8833396,-0.1004311, 0.2532908, 0.4685341, 0.8403768,-0.3278267, 0.1145687, 0.5201485, 0.7802879,-0.4948824, -0.00532234, 0.53259, 0.6865938,-0.1110226, -0.01832765, -0.07596997, 0.9907405,-0.5871609, -0.02368046, -0.0943472, 0.8036043,0.9438967, -0.03528558, 0.09064814, -0.3155898,0.9952546, -0.06202175, 0.07493638, -0.002483981,-0.1088671, -0.09586232, -0.1524312, 0.9776109,-0.5738288, -0.00546469, -0.1784251, 0.7992842,0.9225802, -0.09519972, 0.1510047, -0.342024,0.9822519, -0.1351609, 0.1166059, -0.0575834,-0.1033301, -0.1742189, -0.1785432, 0.9628567,-0.5434837, -0.0422438, -0.2286494, 0.8065732,0.9041429, -0.09433521, 0.2125228, -0.358414,0.9711819, -0.1570101, 0.171502, -0.05235105,-0.06163993, -0.2477002, -0.2419375, 0.936115,-0.4931905, -0.02738737, -0.295746, 0.8176475,0.8652409, -0.1421208, 0.2608016, -0.4039089,0.9499124, -0.219917, 0.1996303, -0.09721396,1695797848455
0.03878842, 0.1131445, 0.4529955, 0.8834528,-0.1009617, 0.2532837, 0.4683461, 0.8404202,-0.3282442, 0.1146833, 0.5199504, 0.7802276,-0.4953399, -0.005216027, 0.5324222, 0.6863948,-0.1113662, -0.01839032, -0.07617345, 0.9906851,-0.5873794, -0.02373069, -0.09457187, 0.8034167,0.9439741, -0.0353769, 0.09085955, -0.3152868,0.9952331, -0.0621865, 0.07509875, -0.002019203,-0.1092174, -0.09595121, -0.1526049, 0.977536,-0.5741103, -0.005521991, -0.1786498, 0.7990314,0.9226962, -0.0952884, 0.1512163, -0.3415924,0.9822544, -0.1353437, 0.1167405, -0.05683256,-0.1036898, -0.1743171, -0.1786863, 0.9627737,-0.5437438, -0.04226419, -0.2288318, 0.8063452,0.90422, -0.09441634, 0.2126871, -0.3581005,0.9711701, -0.157188, 0.1715872, -0.05175301,-0.06200168, -0.2478274, -0.2420471, 0.9360291,-0.4934497, -0.02743519, -0.2959298, 0.8174229,0.8653133, -0.1421721, 0.2609871, -0.4036159,0.9499072, -0.2200733, 0.1997371, -0.09669093,1695797848473
0.03813977, 0.1132692, 0.4526995, 0.8836167,-0.1016962, 0.2533867, 0.4679846, 0.8405019,-0.3288226, 0.1149818, 0.519609, 0.7801675,-0.495995, -0.00492977, 0.5321561, 0.6861302,-0.1120195, -0.01860155, -0.07643747, 0.9905872,-0.5876186, -0.02394317, -0.09491385, 0.8031951,0.9440787, -0.03541243, 0.09125718, -0.3148547,0.9951965, -0.06235506, 0.07545701, -0.001449178,-0.1098674, -0.09621164, -0.1528132, 0.9774051,-0.5744242, -0.005762123, -0.1789906, 0.7987278,0.922826, -0.09529718, 0.1516221, -0.3410591,0.9822383, -0.1355035, 0.1170881, -0.0560098,-0.1043451, -0.1745936, -0.1788373, 0.9626247,-0.5440552, -0.04248668, -0.2291044, 0.8060459,0.9043009, -0.09438266, 0.2130396, -0.3576953,0.9711289, -0.1573055, 0.171898, -0.051133,-0.0626459, -0.2481519, -0.242134, 0.9358778,-0.493737, -0.0277833, -0.2962295, 0.8171291,0.8653882, -0.1420502, 0.2614298, -0.4032115,0.9498591, -0.2201331, 0.2001631, -0.09614515,1695797848492
0.03749853, 0.1136158, 0.4520299, 0.8839424,-0.1024139, 0.2537627, 0.4672868, 0.8406896,-0.3293416, 0.1156832, 0.5190085, 0.7802446,-0.4965776, -0.004157345, 0.5317284, 0.6860454,-0.1128361, -0.01858582, -0.0770689, 0.9904459,-0.5880317, -0.02390171, -0.09550846, 0.8028235,0.9441659, -0.03578035, 0.091722, -0.3144164,0.9951413, -0.06286286, 0.07577215, -0.0008453405,-0.1107243, -0.09625933, -0.1533729, 0.9772159,-0.5749085, -0.005726349, -0.1795698, 0.7982494,0.9229121, -0.09562924, 0.1520958, -0.3405218,0.9821804, -0.1359959, 0.1174019, -0.05516807,-0.1052414, -0.1746661, -0.1793238, 0.9624235,-0.5445124, -0.04237781, -0.229582, 0.8056069,0.9043297, -0.09468232, 0.2133987, -0.357329,0.9710509, -0.1577422, 0.172108, -0.05056057,-0.06356883, -0.2483031, -0.2425435, 0.9356694,-0.4941961, -0.02773727, -0.2967118, 0.816678,0.8654149, -0.1422902, 0.261841, -0.4028026,0.9497656, -0.2205281, 0.200436, -0.09559321,1695797848508
0.03672109, 0.1142222, 0.4508347, 0.8845072,-0.1030889, 0.2544542, 0.4660486, 0.8410853,-0.3300589, 0.1167151, 0.5180017, 0.7804568,-0.4974585, -0.003029214, 0.5309793, 0.6859933,-0.1139786, -0.01837288, -0.07821856, 0.9902288,-0.5887433, -0.02346408, -0.09645252, 0.8022017,0.9443099, -0.0366611, 0.09224757, -0.3137277,0.995061, -0.06387956, 0.0759806, 5.270875E-05,-0.1119579, -0.09613634, -0.1544201, 0.9769226,-0.575626, -0.005321186, -0.1804944, 0.7975262,0.9229875, -0.09643021, 0.1526688, -0.3398346,0.982067, -0.1369641, 0.1176749, -0.05420116,-0.1065568, -0.174581, -0.1802664, 0.962118,-0.545199, -0.04193415, -0.2303959, 0.8049331,0.9043326, -0.09539817, 0.2138689, -0.3568499,0.9709108, -0.1586046, 0.1722943, -0.04991401,-0.06495327, -0.2483431, -0.2433784, 0.9353468,-0.4949115, -0.02731886, -0.2975135, 0.815967,0.8654314, -0.1429661, 0.2623381, -0.4022038,0.9495981, -0.2213591, 0.2006507, -0.09488402,1695797848526
0.03675364, 0.1143782, 0.4498924, 0.8849654,-0.1029619, 0.2546626, 0.4651718, 0.841523,-0.3301777, 0.1170762, 0.517234, 0.7808616,-0.4977487, -0.002568689, 0.5303124, 0.6863005,-0.1141725, -0.0181339, -0.07922801, 0.9901307,-0.5886965, -0.0229346, -0.09725692, 0.8021543,0.9441928, -0.03754314, 0.09260354, -0.313871,0.994995, -0.06483315, 0.07603661, -6.407793E-05,-0.1122406, -0.09591386, -0.1554031, 0.9767561,-0.5755011, -0.004779452, -0.1812699, 0.797444,0.922761, -0.09727815, 0.1530313, -0.340045,0.9819098, -0.1378758, 0.1177789, -0.05451221,-0.106922, -0.1743704, -0.1812217, 0.9619362,-0.5450658, -0.0413958, -0.2311332, 0.8048398,0.9040242, -0.09617129, 0.2142131, -0.3572172,0.9707305, -0.1594294, 0.1723904, -0.05045988,-0.06539916, -0.2481897, -0.2442992, 0.9351164,-0.4947911, -0.02675603, -0.2982298, 0.8157971,0.865085, -0.1437334, 0.262674, -0.4024562,0.9493454, -0.2221759, 0.2007355, -0.09532266,1695797848544
0.03681934, 0.1144188, 0.4496486, 0.8850812,-0.1027618, 0.2547312, 0.4649278, 0.8416615,-0.3301011, 0.1171577, 0.5170299, 0.7810169,-0.4978004, -0.002513768, 0.5301316, 0.6864029,-0.1141747, -0.01804142, -0.07949232, 0.9901109,-0.5884157, -0.02292339, -0.09750097, 0.802331,0.9439829, -0.03766892, 0.09280611, -0.314427,0.9949712, -0.06501804, 0.07618777, -0.0006364624,-0.1122688, -0.09582213, -0.1556644, 0.9767202,-0.5751611, -0.004737178, -0.1814866, 0.7976402,0.9224917, -0.09739069, 0.1532152, -0.3406599,0.9818269, -0.1380249, 0.1179362, -0.05528235,-0.1069734, -0.1742808, -0.1814799, 0.9618981,-0.5446413, -0.04132298, -0.2312979, 0.8050836,0.9036687, -0.09623896, 0.2143463, -0.3580176,0.9706377, -0.1594996, 0.1725288, -0.05153686,-0.06547485, -0.2481126, -0.2445532, 0.9350652,-0.4943727, -0.02671005, -0.2984005, 0.8159898,0.8646781, -0.143758, 0.2628496, -0.4032064,0.9491866, -0.2222121, 0.200943, -0.09637723,1695797848560
0.03676365, 0.1140876, 0.4498405, 0.8850288,-0.1026638, 0.2544845, 0.4650275, 0.841693,-0.3300311, 0.1168827, 0.5170603, 0.7810676,-0.4978032, -0.002834419, 0.530099, 0.6864249,-0.1140236, -0.01836917, -0.07934532, 0.9901341,-0.587828, -0.02318289, -0.09746598, 0.8027585,0.9436612, -0.03741062, 0.09293819, -0.315383,0.9949672, -0.06480411, 0.07640346, -0.001781452,-0.1120805, -0.09613583, -0.1555289, 0.9767326,-0.5745338, -0.005072683, -0.1814726, 0.7980933,0.922112, -0.09705413, 0.1534228, -0.3416891,0.9817505, -0.1377327, 0.1182698, -0.05663747,-0.106764, -0.1745856, -0.1813552, 0.9618896,-0.5439664, -0.04179548, -0.2313003, 0.8055147,0.9032049, -0.0957608, 0.2146545, -0.3591298,0.9705322, -0.1590783, 0.173034, -0.05310979,-0.0652347, -0.2483933, -0.2444294, 0.9350398,-0.4937106, -0.02712606, -0.2983621, 0.8163909,0.864158, -0.1432653, 0.2631175, -0.4043207,0.9490286, -0.2217663, 0.2014335, -0.09792367,1695797848578
0.03721084, 0.1136465, 0.4500585, 0.884956,-0.1021442, 0.2541263, 0.4652577, 0.8417373,-0.3295824, 0.1164495, 0.5171889, 0.7812366,-0.4975058, -0.00336397, 0.530126, 0.6866171,-0.1133901, -0.01852493, -0.07922135, 0.9902139,-0.5869055, -0.02322104, -0.0973719, 0.8034435,0.943325, -0.03733121, 0.09288102, -0.3164134,0.9949726, -0.06470011, 0.07638324, -0.003003635,-0.1114286, -0.09624137, -0.1554551, 0.9768085,-0.5736535, -0.00516822, -0.1814094, 0.79874,0.921764, -0.09694924, 0.1534175, -0.3426589,0.9816844, -0.1375953, 0.1183368, -0.05796159,-0.106104, -0.1746714, -0.1813314, 0.9619516,-0.5430483, -0.04199527, -0.2312822, 0.8061287,0.9027789, -0.09557757, 0.2147557, -0.3601878,0.9704459, -0.1588767, 0.1732434, -0.05458549,-0.06456781, -0.2484282, -0.2444479, 0.935072,-0.4927614, -0.02730353, -0.2983262, 0.8169714,0.8636484, -0.1430698, 0.2632015, -0.4054226,0.9488836, -0.221557, 0.2016345, -0.09937769,1695797848595
0.03692018, 0.1134569, 0.4500974, 0.8849728,-0.1023203, 0.2539827, 0.4651959, 0.8417934,-0.3297213, 0.1163587, 0.5170832, 0.7812614,-0.4977087, -0.003476394, 0.5300022, 0.6865651,-0.1135316, -0.01884319, -0.07920017, 0.9901933,-0.5867456, -0.02350542, -0.09747946, 0.8035389,0.9431439, -0.0371302, 0.09314557, -0.3168987,0.9949538, -0.06459371, 0.07669681, -0.003508414,-0.1115408, -0.09656829, -0.1554209, 0.9767689,-0.5734524, -0.005544401, -0.1815419, 0.7988518,0.9215627, -0.09666765, 0.1537647, -0.3431239,0.98162, -0.1374112, 0.1187702, -0.05860077,-0.1062017, -0.1749979, -0.1812833, 0.9618905,-0.5427631, -0.0424063, -0.2313782, 0.8062717,0.9024854, -0.09520951, 0.215103, -0.3608129,0.970349, -0.1585838, 0.1737393, -0.05557484,-0.06463809, -0.248755, -0.2443763, 0.934999,-0.4924622, -0.02780104, -0.2984375, 0.8170943,0.863282, -0.1425973, 0.2636359, -0.4060865,0.9487234, -0.2211885, 0.2022708, -0.1004292,1695797848613
0.03715158, 0.1133931, 0.4503781, 0.8848284,-0.1019484, 0.2539309, 0.4654577, 0.8417094,-0.3293425, 0.1162357, 0.5173211, 0.7812821,-0.4973745, -0.003673231, 0.5302059, 0.686649,-0.1132624, -0.01880099, -0.07891717, 0.9902475,-0.5863448, -0.02345881, -0.09715144, 0.8038725,0.9430009, -0.03697622, 0.0928519, -0.3174281,0.9949844, -0.06434666, 0.07647368, -0.004164661,-0.1112572, -0.0965056, -0.1551629, 0.9768485,-0.5730516, -0.005554826, -0.181241, 0.7992075,0.9214096, -0.0964827, 0.1535261, -0.3436934,0.9816209, -0.1371261, 0.1186406, -0.0595086,-0.1059012, -0.1749275, -0.181051, 0.9619802,-0.5423571, -0.04250887, -0.231121, 0.8066132,0.9023132, -0.09496277, 0.2149559, -0.3613958,0.9703493, -0.1582364, 0.1737388, -0.0565544,-0.06432721, -0.2486571, -0.2441738, 0.9350994,-0.4920536, -0.02788969, -0.29818, 0.8174314,0.8631002, -0.1423617, 0.2634812, -0.4066557,0.9487098, -0.2208581, 0.2022643, -0.1012943,1695797848630
0.03707678, 0.113673, 0.4503395, 0.8848153,-0.1018639, 0.254333, 0.4653724, 0.8416454,-0.3292544, 0.1166386, 0.5173512, 0.7812393,-0.49735, -0.0033424, 0.5303259, 0.6865757,-0.113474, -0.01860061, -0.07889818, 0.9902287,-0.5862285, -0.02313478, -0.09693649, 0.8039927,0.9430112, -0.037127, 0.09248507, -0.3174868,0.9950122, -0.06436487, 0.07608591, -0.004339002,-0.1114833, -0.0963231, -0.155129, 0.9768461,-0.57301, -0.005386836, -0.1810894, 0.799273,0.921415, -0.09653914, 0.1533055, -0.3437614,0.9816332, -0.1370904, 0.1184424, -0.05978117,-0.1061308, -0.1747533, -0.1810027, 0.9619956,-0.5423872, -0.04242532, -0.2309932, 0.806634,0.9023429, -0.09495579, 0.214805, -0.3614132,0.9703711, -0.1581457, 0.173631, -0.05676441,-0.06456591, -0.2485016, -0.2441199, 0.9351383,-0.4921026, -0.02784505, -0.298076, 0.8174413,0.8631559, -0.1423471, 0.2633666, -0.4066168,0.9487372, -0.220782, 0.2021879, -0.1013558,1695797848647
0.03706773, 0.1134378, 0.4504365, 0.8847964,-0.1018831, 0.2542196, 0.4654341, 0.8416432,-0.3292124, 0.1165523, 0.5173703, 0.7812571,-0.4973798, -0.003482305, 0.5303248, 0.6865543,-0.1133469, -0.01881332, -0.07883866, 0.9902439,-0.5860024, -0.0231991, -0.09692457, 0.8041571,0.9429739, -0.03708281, 0.09250641, -0.3175967,0.9950112, -0.06432706, 0.07612226, -0.004488806,-0.1113347, -0.09652442, -0.1550787, 0.9768512,-0.5728245, -0.005558568, -0.1811255, 0.7993965,0.9213542, -0.09642756, 0.1534245, -0.3439026,0.981608, -0.137002, 0.1186078, -0.06006999,-0.1059715, -0.1749482, -0.1809612, 0.9619856,-0.5422427, -0.04262015, -0.2310437, 0.8067064,0.9022841, -0.09483495, 0.2149511, -0.3615048,0.9703396, -0.1580629, 0.1738211, -0.05695101,-0.06438972, -0.2486801, -0.2440799, 0.9351134,-0.4919267, -0.02804453, -0.2981161, 0.8175258,0.8630953, -0.1422286, 0.2634971, -0.4067024,0.9487086, -0.220714, 0.2023488, -0.1014512,1695797848665
0.03759611, 0.1134367, 0.450411, 0.8847873,-0.1013088, 0.2543976, 0.4654766, 0.8416353,-0.3287087, 0.1166783, 0.5174677, 0.781386,-0.4970148, -0.003456176, 0.5304476, 0.6867239,-0.1129063, -0.01853104, -0.07889795, 0.9902948,-0.5855479, -0.02249337, -0.09667551, 0.8045381,0.942977, -0.03755926, 0.09187714, -0.3177142,0.9950498, -0.06456015, 0.07539292, -0.004876004,-0.1109247, -0.09621, -0.1551736, 0.9769138,-0.5724339, -0.005063358, -0.1809762, 0.7997133,0.9213003, -0.0967968, 0.1529981, -0.3441333,0.9816044, -0.137193, 0.118136, -0.06062007,-0.1055807, -0.1746257, -0.1810927, 0.9620624,-0.5419636, -0.04226641, -0.2309991, 0.8069252,0.9022914, -0.0951703, 0.214685, -0.3615567,0.9703541, -0.1582697, 0.173487, -0.05714861,-0.0640323, -0.2483379, -0.2442535, 0.9351836,-0.4916582, -0.02760064, -0.2980511, 0.8177261,0.8631256, -0.1426537, 0.2631466, -0.4067161,0.9487429, -0.2210033, 0.2018757, -0.1014425,1695797848682
0.03745294, 0.1131032, 0.450488, 0.8847969,-0.1014259, 0.2542094, 0.4654781, 0.8416772,-0.3288626, 0.1164772, 0.5174218, 0.7813815,-0.4972128, -0.003679547, 0.5303572, 0.6866493,-0.1128448, -0.01889614, -0.07887271, 0.990297,-0.5853723, -0.02258895, -0.09672947, 0.8046567,0.9429523, -0.03752697, 0.09197053, -0.3177641,0.9950415, -0.06454985, 0.07549946, -0.00505031,-0.1108306, -0.09656766, -0.155151, 0.9768928,-0.5722206, -0.005278721, -0.1810742, 0.7998424,0.9212345, -0.09669019, 0.1531885, -0.3442547,0.9815678, -0.1371289, 0.1183696, -0.06090103,-0.1054724, -0.1749768, -0.1810717, 0.9620144,-0.5417127, -0.0426286, -0.2311357, 0.8070356,0.9021827, -0.09496967, 0.2149922, -0.361698,0.9702872, -0.1581508, 0.1738655, -0.0574615,-0.06389689, -0.2486744, -0.2442215, 0.9351118,-0.4913841, -0.02799728, -0.2981823, 0.8178295,0.8629767, -0.1424108, 0.2634686, -0.4069088,0.9486592, -0.2208669, 0.2022729, -0.1017311,1695797848700
0.03721369, 0.1132287, 0.4506343, 0.8847164,-0.1015044, 0.2544531, 0.4655227, 0.8415694,-0.3288844, 0.1167152, 0.5175281, 0.7812665,-0.497207, -0.003471089, 0.5305146, 0.6865329,-0.1130878, -0.01893126, -0.07867173, 0.9902846,-0.5854853, -0.0225396, -0.09647876, 0.804606,0.9429756, -0.03741077, 0.09174214, -0.3177749,0.9950663, -0.06435852, 0.07532705, -0.005174587,-0.1110555, -0.09662144, -0.1549333, 0.9768964,-0.572279, -0.005297845, -0.1808426, 0.7998529,0.9212363, -0.09652173, 0.1530218, -0.3443714,0.9815904, -0.1368939, 0.1182886, -0.06122241,-0.1056783, -0.175036, -0.1808375, 0.9620251,-0.541739, -0.04283542, -0.2309531, 0.8070592,0.902167, -0.09466576, 0.2149712, -0.3618295,0.9702976, -0.1578069, 0.1739862, -0.05786398,-0.06408198, -0.2487413, -0.2439746, 0.9351458,-0.491421, -0.02815946, -0.2979765, 0.8178768,0.8629737, -0.1421228, 0.2634085, -0.4070545,0.9486812, -0.2205297, 0.2023601, -0.102083,1695797848716
0.03692676, 0.1132952, 0.4508085, 0.8846312,-0.1015766, 0.2546548, 0.4655659, 0.8414758,-0.3289348, 0.1168927, 0.517626, 0.7811538,-0.4972532, -0.003337762, 0.5306501, 0.6863954,-0.1133366, -0.01904415, -0.07844909, 0.9902716,-0.5855819, -0.02259257, -0.09625549, 0.804561,0.9429822, -0.03722512, 0.09159604, -0.3178193,0.9950861, -0.0641294, 0.07525267, -0.005306603,-0.111278, -0.09675287, -0.1546933, 0.9768962,-0.5723463, -0.005363409, -0.1806175, 0.7998551,0.921249, -0.09632202, 0.152884, -0.3444543,0.9816152, -0.1366406, 0.1182405, -0.06148183,-0.1058773, -0.175172, -0.18058, 0.9620268,-0.5417503, -0.04312301, -0.2307855, 0.8070843,0.9021527, -0.09431127, 0.2150045, -0.361938,0.9703065, -0.1574456, 0.1741621, -0.05816979,-0.06425297, -0.2488825, -0.2437013, 0.9351678,-0.4914097, -0.02837113, -0.2977616, 0.8179545,0.8629649, -0.1417999, 0.2633623, -0.4072158,0.9487116, -0.2201817, 0.2024523, -0.1023682,1695797848733
0.03642976, 0.1132925, 0.4506995, 0.8847076,-0.1018702, 0.2548915, 0.4652967, 0.8415176,-0.3290774, 0.1172945, 0.5174096, 0.781177,-0.4974996, -0.002976446, 0.5305297, 0.6863115,-0.1137691, -0.01930008, -0.07854057, 0.9902098,-0.5857201, -0.02291041, -0.09647895, 0.8044246,0.9429465, -0.03707486, 0.09197026, -0.3178346,0.9950572, -0.06410629, 0.07565354, -0.005307382,-0.1116926, -0.09704043, -0.1547481, 0.9768116,-0.572585, -0.005663071, -0.1808297, 0.7996343,0.9212661, -0.09616595, 0.1532434, -0.3442926,0.981583, -0.1365929, 0.1186331, -0.06134672,-0.106285, -0.1754682, -0.1805969, 0.9619247,-0.5419763, -0.04339946, -0.2309465, 0.8068717,0.9021416, -0.094127, 0.2153135, -0.3618297,0.9702623, -0.15737, 0.1745121, -0.05806179,-0.06463946, -0.2492043, -0.243673, 0.9350628,-0.4916231, -0.02867234, -0.2979115, 0.8177612,0.862947, -0.1415757, 0.2636848, -0.407123,0.9486668, -0.2200801, 0.2028253, -0.1022642,1695797848750
0.03634765, 0.1134217, 0.4505607, 0.8847652,-0.1019025, 0.2551818, 0.4651301, 0.8415177,-0.328972, 0.1177097, 0.5173086, 0.7812257,-0.4974613, -0.00259037, 0.5305253, 0.6863443,-0.1139249, -0.01922137, -0.07866257, 0.9901838,-0.5857823, -0.02287556, -0.09657165, 0.8043691,0.9429212, -0.03714414, 0.09203091, -0.317884,0.9950491, -0.06419651, 0.07568476, -0.005291356,-0.1118626, -0.09697435, -0.1548569, 0.9767815,-0.5727743, -0.005523899, -0.1808872, 0.7994866,0.9213217, -0.09630508, 0.1532189, -0.3441156,0.9815845, -0.1367185, 0.1185696, -0.06116419,-0.1064654, -0.1754078, -0.1806924, 0.9618979,-0.5421912, -0.04327908, -0.2310116, 0.8067151,0.9021899, -0.09423861, 0.2153103, -0.3616821,0.9702668, -0.1574907, 0.1744594, -0.05781838,-0.06483054, -0.2491609, -0.2437571, 0.9350392,-0.491814, -0.02846198, -0.2979317, 0.8176464,0.8630193, -0.1417471, 0.2635927, -0.4069697,0.9486991, -0.2202402, 0.2026515, -0.1019638,1695797848768
0.03613317, 0.1137207, 0.4504443, 0.8847948,-0.10201, 0.2556342, 0.4649565, 0.8414634,-0.3289461, 0.1182681, 0.5172485, 0.7811921,-0.4974253, -0.002030418, 0.5305933, 0.6863197,-0.1142752, -0.01907167, -0.07871714, 0.9901419,-0.5859603, -0.02282636, -0.09656318, 0.8042419,0.9429371, -0.03716323, 0.09200209, -0.3178431,0.9950516, -0.06421029, 0.0756474, -0.00518548,-0.1122275, -0.09685288, -0.1548844, 0.9767473,-0.5730129, -0.005384302, -0.1808394, 0.7993274,0.9213956, -0.0963785, 0.1531113, -0.3439452,0.9816018, -0.1367499, 0.1184539, -0.06104168,-0.1068359, -0.1752981, -0.180693, 0.9618766,-0.5424526, -0.04319278, -0.2309679, 0.8065565,0.9022679, -0.09425633, 0.2152383, -0.3615257,0.9702905, -0.1574825, 0.1743876, -0.05765782,-0.06520864, -0.2490804, -0.2437376, 0.9350395,-0.4920534, -0.0283345, -0.2978646, 0.8175312,0.8631195, -0.1417933, 0.2634783, -0.406815,0.9487443, -0.2202486, 0.2025259, -0.1017745,1695797848785
0.03627118, 0.1138512, 0.4500704, 0.8849627,-0.1017595, 0.2559845, 0.4645936, 0.8415876,-0.328745, 0.1187008, 0.5169965, 0.7813779,-0.4973353, -0.001601149, 0.5304458, 0.6865001,-0.1142821, -0.01885238, -0.07911108, 0.990114,-0.585777, -0.02255206, -0.09682831, 0.8043513,0.9428014, -0.03752604, 0.09206581, -0.3181843,0.9950296, -0.06456798, 0.07559956, -0.005640889,-0.1122802, -0.09663562, -0.1552742, 0.9767009,-0.5728063, -0.005047397, -0.1810693, 0.7994257,0.9212497, -0.09677343, 0.1531225, -0.3442199,0.98153, -0.1371077, 0.1183768, -0.06154084,-0.1069261, -0.1750852, -0.1810787, 0.9618329,-0.5422272, -0.04290185, -0.2311974, 0.8066578,0.9020861, -0.09459477, 0.2152781, -0.361867,0.9702157, -0.1577852, 0.1743464, -0.05821154,-0.06534082, -0.2488887, -0.2441203, 0.9349814,-0.4918382, -0.02804516, -0.2980963, 0.8175862,0.8629109, -0.1421236, 0.2635314, -0.407108,0.9486319, -0.2205559, 0.202492, -0.102223,1695797848803
0.03645109, 0.1140285, 0.4500854, 0.8849248,-0.1014664, 0.2563369, 0.4646026, 0.8415108,-0.3285384, 0.1189735, 0.5171165, 0.7813439,-0.4972076, -0.001425589, 0.5306243, 0.686455,-0.1142192, -0.01860848, -0.07906883, 0.9901292,-0.5855796, -0.02247428, -0.09671079, 0.8045114,0.9427165, -0.03751699, 0.09192684, -0.3184767,0.9950407, -0.06451128, 0.07547426, -0.006003345,-0.1122356, -0.09638865, -0.1552391, 0.976736,-0.5725603, -0.004889334, -0.1809129, 0.7996382,0.9211874, -0.09682775, 0.1528979, -0.3444712,0.9815292, -0.1370672, 0.1181777, -0.0620252,-0.1068876, -0.1748396, -0.1810516, 0.9618869,-0.5419195, -0.04278159, -0.2310411, 0.8069158,0.9019914, -0.09461484, 0.2150774, -0.3622173,0.9702237, -0.1577027, 0.1741841, -0.0587864,-0.06531858, -0.2486437, -0.2441098, 0.9350509,-0.4915026, -0.02802846, -0.2979879, 0.8178281,0.8627903, -0.1420931, 0.2634235, -0.4074437,0.9486113, -0.2204589, 0.2024359, -0.102734,1695797848821
0.03644709, 0.1141384, 0.4500033, 0.8849526,-0.1014229, 0.2566473, 0.4644969, 0.8414798,-0.3286548, 0.1191905, 0.5171255, 0.781256,-0.4973483, -0.001252824, 0.5306822, 0.6863086,-0.114291, -0.01850998, -0.07913673, 0.9901173,-0.585622, -0.02249073, -0.0967721, 0.8044726,0.94269, -0.03752777, 0.09199098, -0.3185355,0.9950339, -0.06454078, 0.07553251, -0.006079232,-0.11232, -0.09629641, -0.1553012, 0.9767255,-0.5725342, -0.004839513, -0.1809382, 0.7996515,0.9211717, -0.09688256, 0.1528915, -0.3445007,0.9815136, -0.1371006, 0.1181756, -0.06220078,-0.1069799, -0.1747509, -0.181108, 0.9618822,-0.5417838, -0.04273639, -0.2310407, 0.8070093,0.9019362, -0.09465459, 0.2150505, -0.3623601,0.9702092, -0.1577104, 0.1741656, -0.05905923,-0.06542114, -0.2485648, -0.2441633, 0.9350507,-0.4913328, -0.02805954, -0.2980137, 0.8179197,0.8627064, -0.1420858, 0.26346, -0.4076006,0.9485767, -0.2204511, 0.2024867, -0.1029698,1695797848838
0.03643866, 0.1143418, 0.4495308, 0.8851668,-0.1013793, 0.2570552, 0.4640368, 0.8416144,-0.3289109, 0.1195365, 0.5168351, 0.7812874,-0.4975798, -0.0008304731, 0.5304779, 0.6862994,-0.1144729, -0.01829749, -0.07961556, 0.9900619,-0.5858523, -0.02216415, -0.09711929, 0.8042721,0.9427274, -0.03798482, 0.09208995, -0.3183419,0.9950082, -0.06500231, 0.0754858, -0.005929417,-0.112552, -0.09609941, -0.155761, 0.976645,-0.5726305, -0.004522601, -0.181271, 0.799509,0.9211416, -0.09731762, 0.1529997, -0.3444105,0.9814457, -0.1375236, 0.1181815, -0.06232814,-0.1072536, -0.1745632, -0.1815487, 0.9618027,-0.541761, -0.04242401, -0.2313395, 0.8069556,0.9018584, -0.09506388, 0.2151293, -0.3623999,0.9701353, -0.1580868, 0.1741445, -0.05932669,-0.06573853, -0.2484128, -0.2445855, 0.9349585,-0.491298, -0.02782834, -0.2983429, 0.8178285,0.8625881, -0.1424358, 0.2636189, -0.4076258,0.948458, -0.2208038, 0.2025551, -0.1031726,1695797848855
0.03618769, 0.1145281, 0.4492706, 0.8852851,-0.1017009, 0.2574738, 0.4637505, 0.8416054,-0.3293483, 0.1199313, 0.516695, 0.7811354,-0.498003, -0.0004388348, 0.530431, 0.686029,-0.1148178, -0.01824859, -0.07984933, 0.990004,-0.5859639, -0.02220267, -0.09734732, 0.8041622,0.9426814, -0.03806367, 0.09230718, -0.318406,0.9949843, -0.06514113, 0.07567095, -0.006061398,-0.1129153, -0.09607751, -0.1559651, 0.9765726,-0.5726856, -0.004586386, -0.1814919, 0.799419,0.9210848, -0.09736457, 0.1532335, -0.3444453,0.9813901, -0.1376149, 0.1184166, -0.06255595,-0.1076325, -0.1745521, -0.1817226, 0.9617295,-0.5416875, -0.04243551, -0.2314797, 0.806964,0.9017349, -0.09509313, 0.2152694, -0.3626163,0.9700748, -0.1581247, 0.1742992, -0.05976069,-0.06612971, -0.2484347, -0.2447297, 0.9348873,-0.4912323, -0.02795358, -0.2985233, 0.8177978,0.8624262, -0.1423733, 0.2638701, -0.4078279,0.9483575, -0.2208004, 0.2028417, -0.1035403,1695797848872
0.03625616, 0.1145303, 0.4493055, 0.8852643,-0.1017586, 0.2576124, 0.4638086, 0.841524,-0.3294895, 0.119977, 0.5168056, 0.7809956,-0.4981473, -0.0004492258, 0.530549, 0.6858329,-0.1147562, -0.0182137, -0.07981449, 0.9900146,-0.5857803, -0.0223523, -0.09735961, 0.8042903,0.9425576, -0.0379347, 0.09240929, -0.3187581,0.9949768, -0.0650433, 0.07581482, -0.006532678,-0.1128546, -0.09603811, -0.1559358, 0.9765882,-0.5724489, -0.004675419, -0.1814724, 0.7995925,0.9209634, -0.09727021, 0.153273, -0.3447786,0.9813526, -0.1375021, 0.1185211, -0.06319095,-0.1075711, -0.1745114, -0.181699, 0.9617482,-0.541335, -0.04249892, -0.2314218, 0.8072138,0.9015544, -0.09499064, 0.2152649, -0.3630943,0.9700379, -0.1579788, 0.17437, -0.06053366,-0.06606974, -0.2483895, -0.2447132, 0.934908,-0.4908894, -0.02804168, -0.2984761, 0.8180179,0.8622156, -0.1422431, 0.2638962, -0.4083013,0.9482979, -0.2206562, 0.2029412, -0.1041955,1695797848889
0.03637871, 0.1144314, 0.4491746, 0.8853385,-0.101705, 0.2576824, 0.4637019, 0.8415679,-0.3295003, 0.1200404, 0.5167301, 0.7810313,-0.4981255, -0.0003390262, 0.5304899, 0.6858945,-0.1146224, -0.01821969, -0.07998635, 0.9900161,-0.5855891, -0.02233179, -0.09753679, 0.8044087,0.9424508, -0.03804821, 0.09254441, -0.3190211,0.9949573, -0.06518545, 0.07591437, -0.006921592,-0.1127329, -0.09603363, -0.1561158, 0.9765739,-0.5722252, -0.004645906, -0.1816414, 0.7997144,0.9208403, -0.09738655, 0.1533984, -0.3450188,0.9812827, -0.1376095, 0.1186542, -0.06379007,-0.1074635, -0.1745038, -0.181887, 0.9617261,-0.5410362, -0.04246059, -0.231572, 0.8073731,0.9013853, -0.09509996, 0.2153706, -0.3634228,0.9699659, -0.1580732, 0.1744745, -0.0611358,-0.06597585, -0.2483793, -0.2449052, 0.934867,-0.4905651, -0.0280213, -0.2986255, 0.8181586,0.8619857, -0.1423184, 0.2640225, -0.4086787,0.9481862, -0.2207341, 0.2030736, -0.1047886,1695797848906
0.03646968, 0.1140754, 0.4489836, 0.8854776,-0.1016857, 0.2574609, 0.463525, 0.8417354,-0.3295329, 0.1198729, 0.5164998, 0.7811956,-0.4982255, -0.0004738446, 0.5302277, 0.6860247,-0.114393, -0.01845382, -0.0802751, 0.990015,-0.5851443, -0.02236364, -0.09788244, 0.8046894,0.9422753, -0.03822917, 0.09284199, -0.3194309,0.9949182, -0.06543834, 0.0761507, -0.007527294,-0.1125046, -0.09624817, -0.1564173, 0.9765309,-0.5717821, -0.004799843, -0.182032, 0.7999415,0.9206245, -0.09748774, 0.1538012, -0.3453865,0.9811614, -0.1377839, 0.1190557, -0.06452621,-0.1072511, -0.1747099, -0.1821999, 0.9616532,-0.5405027, -0.04258989, -0.231924, 0.8076226,0.9010906, -0.09519467, 0.2157327, -0.3639136,0.9698269, -0.1582379, 0.1748239, -0.06191219,-0.06577018, -0.248575, -0.2452152, 0.9347482,-0.4900209, -0.02823435, -0.2989973, 0.8183416,0.8615774, -0.1423105, 0.2644699, -0.4092527,0.9479698, -0.2208382, 0.2035364, -0.1056252,1695797848925
0.03682457, 0.1142989, 0.4490205, 0.8854153,-0.1012384, 0.2576579, 0.4636189, 0.8416773,-0.3291877, 0.1199697, 0.5166598, 0.7812204,-0.4978217, -0.0003592606, 0.5304055, 0.6861804,-0.1142034, -0.01807999, -0.08020955, 0.9900491,-0.5851479, -0.02194052, -0.09761177, 0.8047313,0.9423056, -0.03841939, 0.09237637, -0.3194539,0.9949538, -0.06546886, 0.07565232, -0.007591517,-0.1123435, -0.0958624, -0.1563699, 0.976595,-0.5716879, -0.004415965, -0.1817762, 0.8000693,0.9206138, -0.09766224, 0.1533759, -0.3455548,0.9811783, -0.1377888, 0.1186438, -0.06501522,-0.1071004, -0.1743237, -0.1821722, 0.9617453,-0.5403332, -0.04228229, -0.2317103, 0.8078135,0.9010634, -0.0953322, 0.2153816, -0.3641529,0.969856, -0.1582008, 0.1744992, -0.06246581,-0.06564614, -0.2481835, -0.2452196, 0.9348598,-0.4898516, -0.02789514, -0.2987878, 0.818531,0.8615221, -0.142464, 0.2641141, -0.4095452,0.9479832, -0.2208101, 0.2032122, -0.1061864,1695797848943
0.03705579, 0.1147924, 0.448993, 0.8853558,-0.1007491, 0.2581001, 0.4636089, 0.8416061,-0.3288328, 0.1203082, 0.5167928, 0.7812299,-0.4972773, 9.555788E-05, 0.5306118, 0.6864157,-0.1142651, -0.01753761, -0.08015241, 0.9900563,-0.5854689, -0.02126272, -0.09721827, 0.8045637,0.9424273, -0.03873328, 0.09166913, -0.3192604,0.9950083, -0.06554142, 0.07488537, -0.007416344,-0.1124472, -0.09532875, -0.1563123, 0.9766445,-0.5718625, -0.003785472, -0.1813956, 0.8000341,0.9206657, -0.09794112, 0.1527293, -0.3456239,0.9812282, -0.1378333, 0.117986, -0.06536406,-0.1072185, -0.1737987, -0.182116, 0.9618378,-0.5405203, -0.04182706, -0.2314202, 0.8077952,0.901147, -0.09550963, 0.2149017, -0.364183,0.9699206, -0.1581512, 0.1740489, -0.06284227,-0.06579879, -0.2476746, -0.2451846, 0.9349932,-0.4900694, -0.02735487, -0.2984892, 0.8185279,0.8616301, -0.142702, 0.263591, -0.4095723,0.9480518, -0.2207838, 0.2027279, -0.106554,1695797848959
0.03705711, 0.1148764, 0.4491847, 0.8852476,-0.1005676, 0.2580854, 0.4637582, 0.8415501,-0.3287596, 0.1201757, 0.5169502, 0.7811769,-0.4969534, 0.0001167933, 0.5307351, 0.6865548,-0.1142781, -0.01748426, -0.07992393, 0.9900742,-0.5858238, -0.02103312, -0.09689776, 0.80435,0.9425866, -0.03873375, 0.09127576, -0.3189028,0.9950472, -0.06541782, 0.07451227, -0.007034985,-0.1124489, -0.09527688, -0.1560861, 0.9766856,-0.5720685, -0.003605058, -0.1810913, 0.7999566,0.9207376, -0.09789665, 0.152392, -0.3455939,0.9812751, -0.1376694, 0.1177039, -0.06551488,-0.1072048, -0.1737471, -0.1818926, 0.9618909,-0.5407702, -0.04181783, -0.2312096, 0.8076887,0.9012645, -0.09538161, 0.21473, -0.3640269,0.9699669, -0.1579307, 0.173967, -0.06290828,-0.06577349, -0.2476166, -0.2449698, 0.9350666,-0.4903258, -0.02726824, -0.2982543, 0.8184628,0.8617882, -0.1426315, 0.2633542, -0.4094165,0.9481222, -0.2205862, 0.2025857, -0.1066074,1695797848977
0.03713048, 0.1146421, 0.4493272, 0.8852026,-0.1004388, 0.2577855, 0.4638842, 0.8415878,-0.3287399, 0.1197907, 0.517003, 0.7812094,-0.4968456, -0.0001958763, 0.5306994, 0.6866604,-0.1140756, -0.01765676, -0.07981923, 0.9901029,-0.585917, -0.02116543, -0.09689315, 0.8042792,0.9426314, -0.03862575, 0.0913472, -0.3187631,0.9950464, -0.06534313, 0.07460921, -0.00681567,-0.1122255, -0.09543248, -0.1559975, 0.9767102,-0.5720969, -0.003688707, -0.18107, 0.7999407,0.9207503, -0.0978144, 0.1524214, -0.3455704,0.9812793, -0.137597, 0.1177583, -0.06550596,-0.1069695, -0.1738946, -0.1818198, 0.9619042,-0.5407929, -0.04192202, -0.231219, 0.8076653,0.9012838, -0.09530868, 0.2147927, -0.3639613,0.9699612, -0.1578716, 0.1740581, -0.06289324,-0.06552276, -0.2477422, -0.2449071, 0.9350674,-0.4903368, -0.02736082, -0.2982569, 0.8184522,0.8618174, -0.1425726, 0.2633986, -0.4093471,0.9481214, -0.2205338, 0.2026589, -0.1065839,1695797848995
0.03687692, 0.1144659, 0.4491329, 0.8853346,-0.1007237, 0.2575738, 0.4636612, 0.8417415,-0.329149, 0.1195873, 0.5167444, 0.7812394,-0.4972102, -0.0003042072, 0.5304016, 0.6866266,-0.1142278, -0.01792179, -0.08005457, 0.9900616,-0.5862296, -0.02123805, -0.09721656, 0.8040104,0.9427221, -0.03875034, 0.09165438, -0.3183913,0.9950162, -0.06556237, 0.0748578, -0.006373878,-0.1123706, -0.0957073, -0.1562161, 0.9766317,-0.5723519, -0.003778846, -0.1813936, 0.7996845,0.9207804, -0.09790257, 0.1527515, -0.3453196,0.9812394, -0.1377832, 0.1180412, -0.06520253,-0.1071212, -0.1741709, -0.1820203, 0.9617994,-0.5410381, -0.0420271, -0.231539, 0.807404,0.9013064, -0.09538199, 0.2151252, -0.3636898,0.9698986, -0.1580486, 0.174348, -0.06261095,-0.06566769, -0.2480305, -0.2450777, 0.9349361,-0.4905894, -0.02742987, -0.2985483, 0.8181922,0.861842, -0.14265, 0.2636939, -0.409078,0.9480583, -0.2207053, 0.2029104, -0.1063109,1695797849011
0.03687475, 0.1143098, 0.4488479, 0.8854994,-0.1007146, 0.2573766, 0.4633937, 0.8419502,-0.3292723, 0.1194224, 0.5164443, 0.7814111,-0.49734, -0.0003744745, 0.530072, 0.6867871,-0.1141927, -0.01802759, -0.08040053, 0.9900358,-0.5864772, -0.02105364, -0.09754828, 0.8037945,0.9427527, -0.03907879, 0.09182468, -0.3182114,0.9949892, -0.06593298, 0.07491172, -0.006123085,-0.1123505, -0.09580948, -0.1565596, 0.976569,-0.5724919, -0.003613948, -0.1817264, 0.7995095,0.920725, -0.09819201, 0.152957, -0.345294,0.9811798, -0.1381211, 0.1181529, -0.06518152,-0.1071238, -0.1742718, -0.1823604, 0.9617164,-0.5411602, -0.0419121, -0.2318966, 0.8072255,0.901237, -0.0956366, 0.2153748, -0.3636473,0.9698164, -0.1583607, 0.1745124, -0.06263695,-0.06568627, -0.2481394, -0.245405, 0.9348201,-0.4907184, -0.02723767, -0.2988668, 0.818005,0.8617535, -0.142927, 0.2638847, -0.4090449,0.9479567, -0.2210159, 0.2030154, -0.1063715,1695797849029
0.03701628, 0.1141918, 0.4486401, 0.885614,-0.1006993, 0.2572409, 0.4632558, 0.8420694,-0.3292812, 0.1193362, 0.5162728, 0.7815338,-0.4974246, -0.0004569181, 0.5298854, 0.6868697,-0.1140448, -0.01803227, -0.08066192, 0.9900315,-0.586307, -0.02072388, -0.09769732, 0.8039091,0.9427104, -0.03944295, 0.09175238, -0.3183126,0.9949804, -0.06625019, 0.07473391, -0.006309987,-0.1122209, -0.09580255, -0.1568291, 0.9765413,-0.5723264, -0.003441803, -0.1819401, 0.7995802,0.9206237, -0.0984526, 0.1530396, -0.3454533,0.9811223, -0.1383827, 0.1181705, -0.06546065,-0.1070153, -0.1742617, -0.1826377, 0.9616777,-0.5410081, -0.04178505, -0.232133, 0.8072661,0.9011267, -0.09587026, 0.2155009, -0.3637842,0.969753, -0.1586171, 0.1745633, -0.06282898,-0.06559783, -0.2481291, -0.2456846, 0.9347556,-0.4905917, -0.02708196, -0.2990933, 0.8180034,0.8616051, -0.143155, 0.2640016, -0.4092022,0.9478683, -0.2212709, 0.2030502, -0.106562,1695797849046
0.03717813, 0.1142927, 0.4483832, 0.8857243,-0.1006915, 0.2573417, 0.4630932, 0.8421289,-0.3292863, 0.1194804, 0.5161439, 0.7815948,-0.4974926, -0.0003251932, 0.5297924, 0.6868923,-0.1139989, -0.01783641, -0.08093385, 0.9900181,-0.5862074, -0.02034489, -0.09780446, 0.8039784,0.942678, -0.03981689, 0.0916201, -0.3184,0.9949769, -0.06656236, 0.07449214, -0.006421233,-0.1122107, -0.09560445, -0.1571025, 0.976518,-0.5722668, -0.003164733, -0.1820907, 0.7995897,0.9205722, -0.09876335, 0.1530125, -0.3455139,0.9810874, -0.1386671, 0.1180612, -0.06557769,-0.1070331, -0.1740658, -0.1829126, 0.961659,-0.5409818, -0.04149056, -0.2322841, 0.8072554,0.9010795, -0.09618724, 0.2154655, -0.3638384,0.9697247, -0.1589057, 0.1744315, -0.06290277,-0.0656489, -0.2479455, -0.245963, 0.9347275,-0.4906069, -0.02679766, -0.2992619, 0.817942,0.8615435, -0.1434591, 0.2639986, -0.4092273,0.9478208, -0.2215625, 0.202943, -0.1065826,1695797849064
0.03754566, 0.1140199, 0.4484126, 0.885729,-0.100437, 0.2570272, 0.4632057, 0.8421935,-0.3290895, 0.1191274, 0.5161697, 0.7817145,-0.4973451, -0.0006881512, 0.5297377, 0.687041,-0.1135465, -0.0178744, -0.08097877, 0.9900658,-0.5858301, -0.02018758, -0.09781593, 0.8042559,0.9426174, -0.0399771, 0.09152773, -0.3185858,0.9949769, -0.06667673, 0.074362, -0.006733792,-0.1117606, -0.09560706, -0.1571819, 0.9765565,-0.5719389, -0.003077369, -0.182143, 0.7998127,0.9204929, -0.09889558, 0.1529876, -0.3456982,0.9810569, -0.1387727, 0.1180157, -0.06589262,-0.1065898, -0.1740557, -0.1830266, 0.9616883,-0.5407224, -0.0413988, -0.2323743, 0.8074079,0.9010187, -0.09635413, 0.2154706, -0.3639417,0.9697, -0.1590676, 0.1743822, -0.06300921,-0.06521496, -0.2479061, -0.2461063, 0.9347306,-0.4903572, -0.0266619, -0.2993405, 0.8180673,0.8614668, -0.1436556, 0.2639672, -0.40934,0.947792, -0.2217512, 0.202835, -0.1066525,1695797849082
0.03752989, 0.1140833, 0.448515, 0.8856697,-0.1004996, 0.2570527, 0.4633158, 0.8421177,-0.3291504, 0.1191071, 0.5162858, 0.7816153,-0.4973662, -0.0007219953, 0.5298463, 0.686942,-0.1135767, -0.01783903, -0.08085205, 0.9900733,-0.585757, -0.02003417, -0.09760331, 0.8043389,0.9426615, -0.03999566, 0.09125855, -0.3185304,0.9950008, -0.06660344, 0.07410639, -0.006753876,-0.1117849, -0.09557434, -0.1570547, 0.9765775,-0.5719373, -0.003032453, -0.1819811, 0.7998509,0.9205377, -0.09885367, 0.152821, -0.3456647,0.9810875, -0.1386799, 0.1178736, -0.06588615,-0.1066056, -0.1740239, -0.1828993, 0.9617166,-0.5407938, -0.04141726, -0.232249, 0.8073952,0.9011024, -0.09628724, 0.2153689, -0.3638125,0.9697398, -0.1589747, 0.1743045, -0.06284676,-0.06522425, -0.2478724, -0.2459823, 0.9347715,-0.4904722, -0.02669436, -0.2992336, 0.8180365,0.861577, -0.1435896, 0.2638851, -0.4091843,0.9478462, -0.2216636, 0.2027771, -0.1064624,1695797849101
0.03747617, 0.1139551, 0.4486541, 0.885618,-0.1006163, 0.2569234, 0.463441, 0.8420743,-0.3292605, 0.1189418, 0.516372, 0.7815372,-0.497446, -0.0008950063, 0.5298928, 0.686848,-0.1135356, -0.01798915, -0.08072194, 0.9900859,-0.5857255, -0.02023727, -0.09756967, 0.8043608,0.9426852, -0.03982097, 0.09134374, -0.3184575,0.9950007, -0.06646613, 0.07424042, -0.006652482,-0.1117222, -0.09572024, -0.1569285, 0.9765906,-0.5719308, -0.003222216, -0.1819457, 0.7998629,0.9205835, -0.09869611, 0.1528846, -0.3455594,0.9811019, -0.1385487, 0.1179783, -0.06576056,-0.1065282, -0.1741662, -0.1827767, 0.9617227,-0.5407926, -0.04158424, -0.2322081, 0.8073993,0.9011542, -0.09615604, 0.2154155, -0.3636913,0.9697559, -0.1588784, 0.1743775, -0.06263959,-0.06512807, -0.2480032, -0.2458601, 0.9347757,-0.4904557, -0.02691117, -0.2992091, 0.8180483,0.8616204, -0.1434282, 0.2639671, -0.4090966,0.9478649, -0.2215495, 0.2028943, -0.1063103,1695797849116
0.03761449, 0.113821, 0.4488174, 0.8855467,-0.1004737, 0.2568783, 0.463597, 0.8420192,-0.3290871, 0.1188693, 0.5165063, 0.7815325,-0.4974148, -0.00110301, 0.5300071, 0.6867822,-0.1133264, -0.01804456, -0.08057747, 0.9901206,-0.5853964, -0.02044972, -0.09750865, 0.8046023,0.9426498, -0.03963916, 0.09140496, -0.3185676,0.9950013, -0.0663094, 0.07435854, -0.006812433,-0.1114995, -0.09575909, -0.1568019, 0.9766326,-0.5716962, -0.003394588, -0.1818782, 0.8000452,0.9206105, -0.09856853, 0.1528903, -0.3455214,0.98112, -0.1384341, 0.1180136, -0.06566741,-0.1062949, -0.1741982, -0.1826681, 0.9617633,-0.5405833, -0.04167267, -0.232119, 0.8075604,0.9011931, -0.0961047, 0.2153595, -0.3636415,0.9697857, -0.1588358, 0.1743187, -0.06244816,-0.06488529, -0.2480144, -0.2457685, 0.9348137,-0.4902404, -0.02707151, -0.2991534, 0.8181924,0.8616579, -0.1433522, 0.2639616, -0.4090477,0.9479006, -0.2215066, 0.2028803, -0.1061078,1695797849133
0.03717285, 0.1141086, 0.4490753, 0.8853976,-0.1008431, 0.2572447, 0.4637396, 0.8417847,-0.3293307, 0.119213, 0.5167374, 0.7812247,-0.4977111, -0.0009200068, 0.5303097, 0.686334,-0.1138055, -0.01806091, -0.08020866, 0.9900953,-0.5855404, -0.02086047, -0.09724095, 0.8045194,0.9427238, -0.03915049, 0.0914232, -0.3184037,0.9950207, -0.06585852, 0.0745226, -0.006534755,-0.1119493, -0.09581261, -0.1564003, 0.9766403,-0.5718727, -0.003756937, -0.1815828, 0.7999845,0.9207753, -0.09812605, 0.1528323, -0.3452339,0.9812069, -0.1380151, 0.1180604, -0.06516626,-0.1067111, -0.1742634, -0.1822341, 0.9617878,-0.5406881, -0.04200877, -0.2317616, 0.8075755,0.9013485, -0.09566148, 0.2152372, -0.3634455,0.9698782, -0.1583944, 0.1743255, -0.06211416,-0.06526617, -0.2480971, -0.2453108, 0.9348854,-0.4903358, -0.0275888, -0.2988679, 0.8182222,0.8618301, -0.1428126, 0.2639844, -0.4088591,0.9480091, -0.2210177, 0.2030624, -0.1058088,1695797849150
0.03728241, 0.1140894, 0.4490599, 0.8854032,-0.1005583, 0.2573416, 0.463689, 0.841817,-0.3291227, 0.1192825, 0.5167242, 0.7813104,-0.497562, -0.0008756616, 0.5303126, 0.68644,-0.113706, -0.01801745, -0.08023591, 0.9901053,-0.5854046, -0.02079295, -0.09723771, 0.8046204,0.9427382, -0.03922294, 0.0913733, -0.3183665,0.9950226, -0.06590993, 0.07445402, -0.006517894,-0.1118559, -0.09576174, -0.1564353, 0.9766504,-0.5717535, -0.003654503, -0.1815675, 0.8000737,0.9208064, -0.0982381, 0.1527396, -0.3451601,0.9812164, -0.1380976, 0.1179371, -0.06507042,-0.1066224, -0.1742104, -0.1822769, 0.9617991,-0.5405968, -0.04194761, -0.2317714, 0.807637,0.9014087, -0.0957774, 0.2151843, -0.363297,0.9698918, -0.1584964, 0.1742311, -0.06190644,-0.06518441, -0.2480398, -0.2453619, 0.934893,-0.4902404, -0.0275632, -0.2988955, 0.8182702,0.8619072, -0.1429331, 0.2639477, -0.4086779,0.94803, -0.2211331, 0.202974, -0.1055501,1695797849167
0.03735722, 0.1140075, 0.4489462, 0.8854682,-0.1003055, 0.2573179, 0.4635449, 0.8419337,-0.3290262, 0.119224, 0.5165966, 0.7814444,-0.497518, -0.0009188527, 0.530175, 0.6865781,-0.1136184, -0.01803598, -0.08038238, 0.9901031,-0.5853997, -0.02079128, -0.09740604, 0.8046036,0.9427887, -0.03934004, 0.09150178, -0.3181654,0.9950078, -0.06606433, 0.0745367, -0.0062725,-0.1117773, -0.09577329, -0.1565866, 0.976634,-0.5717333, -0.003557806, -0.181697, 0.8000591,0.9208564, -0.09842376, 0.1527718, -0.3449594,0.9812132, -0.1382968, 0.1179002, -0.0647634,-0.1065551, -0.1742198, -0.1824328, 0.9617753,-0.540651, -0.04184782, -0.2319188, 0.8075636,0.9014948, -0.09599183, 0.2152281, -0.3630008,0.9698864, -0.1587306, 0.17419, -0.06150453,-0.06512729, -0.2480484, -0.2455187, 0.9348535,-0.4902997, -0.02749604, -0.2990593, 0.818177,0.8620256, -0.1431579, 0.2640043, -0.4083129,0.9480325, -0.2213824, 0.2029343, -0.1050806,1695797849184
0.0368873, 0.1139677, 0.4488896, 0.8855218,-0.1008152, 0.2573548, 0.4634032, 0.8419396,-0.3295405, 0.1192835, 0.516474, 0.7812996,-0.4980869, -0.0009109746, 0.530069, 0.6862474,-0.1140013, -0.01831394, -0.08042529, 0.9900506,-0.5855377, -0.02132962, -0.09767665, 0.8044563,0.9428147, -0.03905677, 0.09203396, -0.3179697,0.9949718, -0.06597207, 0.07512235, -0.005949689,-0.1121373, -0.0960789, -0.1565971, 0.976561,-0.5718951, -0.003986544, -0.1819125, 0.7998924,0.9209484, -0.09821078, 0.1531754, -0.3445952,0.9812116, -0.1382375, 0.1183151, -0.06415382,-0.1069044, -0.1745324, -0.1824098, 0.9616842,-0.540777, -0.04217402, -0.2320472, 0.8074253,0.9015544, -0.09581434, 0.2155091, -0.3627328,0.9698695, -0.1586808, 0.1744848, -0.06106183,-0.06545147, -0.2483807, -0.2454547, 0.9347594,-0.4904085, -0.0279803, -0.2992347, 0.8180313,0.8620832, -0.1428836, 0.2644023, -0.4080297,0.9480097, -0.2212821, 0.203368, -0.1046575,1695797849202
0.03654472, 0.1141145, 0.4487017, 0.8856122,-0.1012317, 0.2575056, 0.4631924, 0.8419595,-0.3299423, 0.1194893, 0.5163125, 0.7812053,-0.4986034, -0.0007872001, 0.5299582, 0.6859579,-0.1143922, -0.01835393, -0.08058205, 0.989992,-0.5856601, -0.02173499, -0.09798031, 0.8043194,0.942794, -0.03888943, 0.09252115, -0.3179103,0.9949346, -0.06598126, 0.07562423, -0.005700683,-0.1125335, -0.09614883, -0.156721, 0.9764887,-0.5720742, -0.004244044, -0.1821476, 0.7997096,0.9210159, -0.09813763, 0.1535082, -0.3442876,0.9812022, -0.1382911, 0.1186227, -0.0636114,-0.1073067, -0.1746129, -0.1825002, 0.9616076,-0.5408928, -0.04225782, -0.2321658, 0.8073093,0.9015681, -0.095802, 0.2156587, -0.3626131,0.9698533, -0.1587402, 0.1746088, -0.06081002,-0.06585351, -0.2484921, -0.2455104, 0.9346869,-0.4905171, -0.02820885, -0.2994035, 0.8178965,0.8620941, -0.1427843, 0.2646712, -0.407867,0.9479795, -0.2213002, 0.2036282, -0.104387,1695797849218
0.03642777, 0.113943, 0.4485666, 0.8857076,-0.1015128, 0.2573269, 0.4630775, 0.8420435,-0.3301981, 0.1193741, 0.516147, 0.7812243,-0.4990447, -0.001006857, 0.5297706, 0.6857817,-0.1144231, -0.01854808, -0.08075906, 0.9899703,-0.5854458, -0.0222806, -0.09839892, 0.8044094,0.942674, -0.03868696, 0.09317775, -0.318099,0.9948806, -0.06600242, 0.076305, -0.005824113,-0.1125599, -0.0963439, -0.1568919, 0.9764389,-0.5719667, -0.004611931, -0.1824949, 0.7997052,0.9209973, -0.09805886, 0.1539809, -0.3441485,0.9811581, -0.1383781, 0.119068, -0.06327076,-0.1073392, -0.1748068, -0.1826642, 0.9615377,-0.5407441, -0.04239538, -0.2323956, 0.8073356,0.9014871, -0.09583382, 0.2159189, -0.3626511,0.9698001, -0.1588858, 0.1748153, -0.06068519,-0.06588299, -0.2486896, -0.2456582, 0.9345935,-0.4903438, -0.02841845, -0.299647, 0.8179041,0.8619913, -0.1427694, 0.2649771, -0.4078909,0.9479146, -0.2214336, 0.2038703, -0.1042209,1695797849237
0.03637955, 0.1141726, 0.4483165, 0.8858067,-0.1016218, 0.2574774, 0.4628765, 0.8420948,-0.330338, 0.1195605, 0.5159986, 0.7812346,-0.4992176, -0.0008181922, 0.5296684, 0.685735,-0.1146184, -0.0183558, -0.08098481, 0.9899329,-0.585537, -0.02218918, -0.09856169, 0.8043256,0.9426823, -0.03885043, 0.09325991, -0.3180305,0.9948674, -0.06618996, 0.07632598, -0.005671424,-0.112786, -0.09616804, -0.1571008, 0.9763966,-0.5721297, -0.00447859, -0.182641, 0.7995561,0.9210342, -0.09824429, 0.154032, -0.3439742,0.9811545, -0.1385921, 0.1190378, -0.06291347,-0.1075871, -0.1746395, -0.1828562, 0.9615039,-0.540943, -0.04215452, -0.2324946, 0.8071864,0.9015222, -0.09606165, 0.2158771, -0.3625285,0.9698015, -0.1591082, 0.1746864, -0.06045076,-0.066156, -0.2485488, -0.2458377, 0.9345644,-0.490564, -0.02816178, -0.2997452, 0.8177449,0.8620551, -0.1430172, 0.2649271, -0.4077017,0.9479213, -0.2216677, 0.2037246, -0.1039463,1695797849253
0.03643307, 0.1143439, 0.4484665, 0.8857065,-0.1016663, 0.257495, 0.4630754, 0.8419747,-0.3303749, 0.1195043, 0.5161988, 0.7810953,-0.4991878, -0.000891991, 0.5298507, 0.6856158,-0.1146383, -0.01819705, -0.08078772, 0.9899496,-0.5856156, -0.02227607, -0.09836886, 0.8042895,0.9427231, -0.03866734, 0.09315306, -0.3179631,0.9948853, -0.06598759, 0.07627775, -0.005529197,-0.1128058, -0.09601209, -0.1569057, 0.976441,-0.5722516, -0.004503838, -0.18243, 0.7995169,0.9211023, -0.09810054, 0.1538742, -0.3439035,0.9812092, -0.1384279, 0.1189063, -0.06266968,-0.1075975, -0.1744856, -0.1826641, 0.9615672,-0.5411026, -0.0420722, -0.2322585, 0.8071517,0.9016228, -0.09598975, 0.2156387, -0.3624393,0.9698768, -0.1589878, 0.1744619, -0.06020733,-0.06616446, -0.2483929, -0.2456573, 0.9346527,-0.4907471, -0.02802884, -0.2995023, 0.8177286,0.8622096, -0.1430002, 0.2646473, -0.4075627,0.9480326, -0.2215812, 0.203443, -0.1036672,1695797849271
0.03643475, 0.1144378, 0.4488086, 0.8855209,-0.1018104, 0.2573861, 0.4634535, 0.8417826,-0.330486, 0.1192782, 0.5165361, 0.7808599,-0.4992115, -0.001164894, 0.5301277, 0.6853839,-0.1146335, -0.01814947, -0.08039163, 0.9899833,-0.5856984, -0.02252618, -0.0980479, 0.8042615,0.942794, -0.03828347, 0.0930333, -0.3178344,0.9949129, -0.06559565, 0.076276, -0.005252679,-0.1127779, -0.09596464, -0.1565155, 0.9765116,-0.5723974, -0.00466549, -0.1820843, 0.7994903,0.9212196, -0.09777845, 0.1536745, -0.3437703,0.9812959, -0.1380864, 0.1187797, -0.06230466,-0.1075414, -0.1744373, -0.1822805, 0.961655,-0.5412853, -0.04215462, -0.2319037, 0.8071269,0.9017828, -0.0957355, 0.2153858, -0.3622589,0.9699829, -0.158699, 0.1742727, -0.05980694,-0.06608562, -0.2483307, -0.2452884, 0.9347717,-0.490937, -0.02809856, -0.2991539, 0.8177397,0.8624427, -0.1427935, 0.2643721, -0.4073205,0.9481896, -0.2213269, 0.2032166, -0.1032175,1695797849289
0.03672373, 0.1146512, 0.4488009, 0.8854853,-0.1015763, 0.2574543, 0.4635432, 0.8417405,-0.3303432, 0.119257, 0.5166554, 0.7808446,-0.4990431, -0.001192637, 0.5302392, 0.6854202,-0.1145008, -0.017815, -0.08037347, 0.9900062,-0.5858998, -0.02220038, -0.0978817, 0.8041441,0.9429261, -0.03846369, 0.09270506, -0.3175164,0.9949391, -0.06567654, 0.07589648, -0.004738389,-0.1126731, -0.09562232, -0.1565102, 0.9765581,-0.5725699, -0.004258547, -0.1818921, 0.7994128,0.9213291, -0.09801307, 0.153285, -0.3435837,0.9813552, -0.1382144, 0.1183201, -0.06195991,-0.1074487, -0.1740957, -0.1822893, 0.9617256,-0.5415311, -0.0417619, -0.2317642, 0.8070226,0.9019462, -0.09599286, 0.2150443, -0.3619865,0.9700592, -0.1588558, 0.1738492, -0.05938496,-0.06601873, -0.2479884, -0.245322, 0.9348585,-0.4911986, -0.02765903, -0.299018, 0.8176473,0.8626831, -0.1431317, 0.2639888, -0.4069411,0.9483004, -0.2215361, 0.2027277, -0.1027112,1695797849307
0.03669796, 0.1145803, 0.4489079, 0.8854413,-0.1016646, 0.2573132, 0.4636558, 0.841711,-0.3305189, 0.1190247, 0.5167397, 0.7807499,-0.4991992, -0.001443039, 0.5302685, 0.6852834,-0.1144703, -0.01789875, -0.08026855, 0.9900168,-0.5861616, -0.02239437, -0.09788398, 0.8039476,0.9430609, -0.03831686, 0.09281486, -0.3171016,0.9949373, -0.06558586, 0.0760347, -0.004117269,-0.1126284, -0.09570313, -0.1564085, 0.9765716,-0.5727902, -0.004290348, -0.1818311, 0.7992687,0.9214723, -0.0979709, 0.1532405, -0.3432315,0.9814053, -0.1381901, 0.1182559, -0.06134144,-0.1073934, -0.1741743, -0.1821907, 0.9617362,-0.5417693, -0.04179788, -0.2317265, 0.8068716,0.9021102, -0.09597283, 0.2150197, -0.3615979,0.9701042, -0.1588644, 0.1737997, -0.05876699,-0.06595094, -0.2480587, -0.2452251, 0.93487,-0.4913922, -0.02766356, -0.2989606, 0.8175519,0.862903, -0.1431687, 0.2639042, -0.4065165,0.9483864, -0.221577, 0.2025989, -0.1020808,1695797849324
0.0365812, 0.1142639, 0.448934, 0.8854738,-0.101911, 0.2570304, 0.463667, 0.8417615,-0.3307062, 0.1187918, 0.5166626, 0.7807571,-0.4995108, -0.001751018, 0.5301402, 0.6851549,-0.114403, -0.01823056, -0.08029768, 0.9900161,-0.5860453, -0.02279961, -0.09812448, 0.8039917,0.9430583, -0.03814491, 0.09323734, -0.3170061,0.9949051, -0.0655618, 0.07648455, -0.003947188,-0.1125352, -0.09602731, -0.1564403, 0.9765455,-0.5727484, -0.004600647, -0.1820384, 0.7992497,0.9215297, -0.09787518, 0.1535565, -0.3429633,0.9814037, -0.1382315, 0.1185378, -0.06072528,-0.1072912, -0.1744924, -0.182224, 0.9616836,-0.5417528, -0.042039, -0.2319075, 0.8068182,0.9021564, -0.09592917, 0.2152812, -0.3613385,0.9700867, -0.1589662, 0.1740061, -0.05816716,-0.06582787, -0.2483648, -0.2452478, 0.9347915,-0.4913243, -0.02794826, -0.2991393, 0.8175176,0.8629577, -0.143116, 0.2641652, -0.4062494,0.9483833, -0.2216774, 0.2027919, -0.1015072,1695797849341
0.03668394, 0.1140996, 0.448925, 0.8854953,-0.1020133, 0.2568156, 0.4637237, 0.8417835,-0.3308049, 0.1185734, 0.5166568, 0.7807523,-0.4996484, -0.001995332, 0.5300848, 0.6850967,-0.1142342, -0.0183139, -0.08034731, 0.9900301,-0.5860277, -0.02286239, -0.09823313, 0.8039895,0.9431212, -0.03817964, 0.09335283, -0.3167807,0.9948941, -0.06563762, 0.07657766, -0.003629173,-0.1123636, -0.09609694, -0.1565019, 0.9765485,-0.572795, -0.004611603, -0.1821365, 0.7991939,0.9216303, -0.09796263, 0.1536174, -0.3426407,0.9814281, -0.1383757, 0.1185207, -0.06003269,-0.1071222, -0.1745565, -0.1822974, 0.961677,-0.5418389, -0.04199499, -0.2320104, 0.806733,0.9022764, -0.0960812, 0.2153156, -0.3609777,0.9701096, -0.1591906, 0.1739275, -0.05740114,-0.06565948, -0.2484173, -0.245328, 0.9347683,-0.4913783, -0.02782191, -0.2992014, 0.8174667,0.8631147, -0.1433468, 0.264097, -0.4058788,0.9484479, -0.2219487, 0.2025693, -0.1007524,1695797849357
0.03660747, 0.1140369, 0.4491357, 0.8853997,-0.102252, 0.2567254, 0.4639406, 0.8416625,-0.3309223, 0.1184788, 0.5168284, 0.7806034,-0.4998108, -0.002189875, 0.5302301, 0.6848652,-0.1142347, -0.01842768, -0.08012348, 0.990046,-0.5860323, -0.02310411, -0.09810812, 0.8039945,0.9432279, -0.03793968, 0.09337872, -0.316484,0.9949024, -0.0654275, 0.07666972, -0.003191024,-0.1123391, -0.09621003, -0.1562801, 0.9765757,-0.5729281, -0.004786624, -0.1819987, 0.7991288,0.9218324, -0.09779791, 0.1535643, -0.3421674,0.9815093, -0.1382532, 0.1184587, -0.05910224,-0.1070768, -0.1746673, -0.1820778, 0.9617035,-0.5419986, -0.0421438, -0.231876, 0.8066566,0.9024985, -0.09596208, 0.215253, -0.3604912,0.9701936, -0.1591407, 0.1738299, -0.05640647,-0.06559081, -0.2485169, -0.2451102, 0.9348038,-0.4914666, -0.02789865, -0.2990218, 0.8174767,0.8633707, -0.1432984, 0.2639279, -0.4054611,0.9485941, -0.2219306, 0.2023343, -0.09988447,1695797849375
0.03691085, 0.1140022, 0.4492724, 0.8853222,-0.1020744, 0.2566211, 0.4641588, 0.8415955,-0.3306845, 0.1183505, 0.5170019, 0.7806087,-0.499658, -0.002414378, 0.5303696, 0.6848679,-0.1139417, -0.01830883, -0.07999776, 0.9900922,-0.5858287, -0.02302761, -0.09794503, 0.8041649,0.9432876, -0.03794508, 0.09318622, -0.3163624,0.9949209, -0.0653786, 0.07647967, -0.002970651,-0.1120491, -0.09606937, -0.1561798, 0.9766389,-0.5728197, -0.004671289, -0.1818358, 0.7992443,0.9219548, -0.0978687, 0.1533226, -0.3419259,0.9815779, -0.1382947, 0.1181553, -0.05846891,-0.1067847, -0.1745199, -0.1820035, 0.9617768,-0.5419036, -0.04201342, -0.2317394, 0.8067665,0.9026403, -0.09608713, 0.2150245, -0.3602392,0.9702697, -0.1592532, 0.1735128, -0.05575272,-0.06530491, -0.2483483, -0.2450661, 0.9348802,-0.4913318, -0.02774899, -0.298882, 0.817614,0.8635278, -0.1434702, 0.2636603, -0.4052398,0.9487039, -0.2220741, 0.2019493, -0.09929987,1695797849392
0.03685796, 0.1142571, 0.448978, 0.8854409,-0.1021685, 0.2569077, 0.4639001, 0.8416393,-0.3307149, 0.1187452, 0.5168214, 0.7806554,-0.4998163, -0.002080345, 0.5302835, 0.6848203,-0.1141604, -0.01809345, -0.08026689, 0.9900491,-0.5858709, -0.02281993, -0.09809667, 0.8041216,0.9433292, -0.03821173, 0.09318567, -0.3162061,0.9949114, -0.06563421, 0.07639277, -0.002773817,-0.1123035, -0.0958724, -0.1564298, 0.976589,-0.5729393, -0.004469709, -0.1819892, 0.7991248,0.9220376, -0.09814428, 0.1533224, -0.3416235,0.9815881, -0.1385969, 0.1180295, -0.05783469,-0.1070648, -0.1743326, -0.1822345, 0.9617359,-0.5420197, -0.04176681, -0.2318584, 0.8066671,0.9027191, -0.09638126, 0.2149731, -0.3599935,0.9702797, -0.1595565, 0.1733335, -0.05526728,-0.0656142, -0.2481913, -0.2452826, 0.9348435,-0.4914696, -0.02756601, -0.2990342, 0.8174817,0.8636112, -0.1437348, 0.2636696, -0.404962,0.9487112, -0.2223673, 0.201827, -0.09882122,1695797849411
0.03662715, 0.1148449, 0.4489025, 0.8854127,-0.1024198, 0.2575102, 0.4638243, 0.8414664,-0.3309572, 0.119313, 0.5169225, 0.7803991,-0.4999897, -0.001547271, 0.5305111, 0.6845186,-0.1146656, -0.01771233, -0.08021609, 0.9900017,-0.5862139, -0.02261683, -0.09787515, 0.8039044,0.9434464, -0.03823824, 0.09289189, -0.3159397,0.9949387, -0.0655699, 0.07610291, -0.002443085,-0.1128349, -0.09553321, -0.1563426, 0.976575,-0.5733057, -0.004298476, -0.1817748, 0.7989118,0.922182, -0.09814819, 0.1530604, -0.3413501,0.9816595, -0.1385511, 0.1177461, -0.05730706,-0.1076005, -0.174012, -0.1821121, 0.9617573,-0.5423609, -0.04157316, -0.231607, 0.80652,0.9028887, -0.09638188, 0.2146641, -0.3597525,0.9703693, -0.1594757, 0.173025, -0.05489216,-0.06616426, -0.2479123, -0.2451424, 0.9349155,-0.4918602, -0.02739995, -0.2988117, 0.8173337,0.863838, -0.1437388, 0.2633977, -0.4046538,0.9488289, -0.2222915, 0.2015581, -0.09840978,1695797849428
0.03631252, 0.1151319, 0.4485825, 0.8855506,-0.1027657, 0.2578667, 0.463488, 0.8415003,-0.331314, 0.1197387, 0.5167001, 0.7803298,-0.5003445, -0.001100087, 0.5303916, 0.684353,-0.1151243, -0.01760645, -0.08049127, 0.9899281,-0.5864162, -0.02256211, -0.09809454, 0.8037316,0.9434396, -0.03838877, 0.09304778, -0.3158958,0.9949184, -0.0657626, 0.0762028, -0.002394448,-0.1133191, -0.09546353, -0.156579, 0.9764878,-0.5734963, -0.004267676, -0.1819895, 0.7987263,0.9221641, -0.09826156, 0.1532418, -0.3412842,0.9816325, -0.1387316, 0.1178641, -0.05709006,-0.1081043, -0.173957, -0.1823094, 0.9616734,-0.5424969, -0.04150335, -0.2317566, 0.8063891,0.9028449, -0.0964748, 0.2147703, -0.3597741,0.9703369, -0.1596046, 0.1730897, -0.05488687,-0.06668492, -0.2479009, -0.245303, 0.9348394,-0.4920272, -0.0273954, -0.2989858, 0.8171697,0.8637944, -0.1437804, 0.2635721, -0.4046186,0.9487766, -0.222389, 0.2017082, -0.09838678,1695797849445
0.03657623, 0.1150771, 0.4484557, 0.8856111,-0.1024657, 0.2578251, 0.4634079, 0.8415937,-0.3311544, 0.1196527, 0.5166275, 0.7804589,-0.5001941, -0.001148323, 0.5303012, 0.6845328,-0.1148938, -0.01750051, -0.08065785, 0.9899431,-0.586249, -0.02235821, -0.09818947, 0.8038477,0.9434028, -0.03861953, 0.0930032, -0.3159905,0.9949133, -0.06596379, 0.07609101, -0.002544968,-0.1131105, -0.09534045, -0.1567622, 0.9764947,-0.5733221, -0.00404182, -0.1820777, 0.7988324,0.9220883, -0.09850224, 0.1531859, -0.3414447,0.9816096, -0.1389511, 0.1177337, -0.05721884,-0.1079144, -0.1738296, -0.1825093, 0.9616798,-0.5423346, -0.04129712, -0.2318691, 0.8064766,0.9027776, -0.09671889, 0.2147421, -0.3598945,0.970313, -0.1598327, 0.1729804, -0.05499104,-0.06651846, -0.2477672, -0.245519, 0.93483,-0.4918536, -0.02715785, -0.2990879, 0.8172447,0.8637202, -0.1440529, 0.2635145, -0.4047174,0.9487417, -0.2226328, 0.2015583, -0.09847917,1695797849462
0.03649866, 0.114907, 0.4486267, 0.8855497,-0.1025189, 0.2577058, 0.4635282, 0.8415576,-0.3312258, 0.1194846, 0.5167147, 0.7803966,-0.5002337, -0.001319633, 0.5303479, 0.6844674,-0.1148466, -0.01770175, -0.08049973, 0.9899579,-0.5861652, -0.02265648, -0.09816829, 0.803903,0.9433811, -0.03836836, 0.09315684, -0.3160408,0.9949086, -0.06577539, 0.07631466, -0.002579431,-0.1130354, -0.09553663, -0.1566085, 0.9765089,-0.5732262, -0.004315495, -0.1820459, 0.798907,0.9220602, -0.09826191, 0.1533099, -0.3415344,0.9816185, -0.1387772, 0.1178992, -0.05714795,-0.1078208, -0.1740213, -0.1823597, 0.961684,-0.5422079, -0.04155278, -0.2318212, 0.8065624,0.9027394, -0.09649153, 0.214842, -0.3599916,0.9703129, -0.1596655, 0.1731318, -0.05500139,-0.06640056, -0.2479447, -0.2453687, 0.9348308,-0.4917066, -0.02744226, -0.2990424, 0.8173403,0.8636785, -0.143809, 0.2636255, -0.404821,0.9487411, -0.2224488, 0.2017324, -0.09854416,1695797849480
0.03635985, 0.1146687, 0.4487185, 0.8855398,-0.102527, 0.2575496, 0.4635315, 0.8416026,-0.3312295, 0.1193447, 0.5166721, 0.7804446,-0.5002034, -0.001411507, 0.5302747, 0.6845461,-0.1148278, -0.01798561, -0.08043921, 0.9899599,-0.5862065, -0.02303058, -0.09830007, 0.8038462,0.9433748, -0.03813754, 0.09348176, -0.3159918,0.9948873, -0.0656662, 0.07668938, -0.002438226,-0.1129883, -0.09581699, -0.1565483, 0.9764965,-0.5732366, -0.004626248, -0.1821498, 0.7988741,0.9220415, -0.09805845, 0.1535725, -0.3415253,0.9816079, -0.1386799, 0.1181857, -0.05697452,-0.1077592, -0.1742973, -0.182299, 0.9616525,-0.5421899, -0.0418135, -0.2318977, 0.806539,0.9027084, -0.09631772, 0.2150531, -0.3599897,0.9702879, -0.1595832, 0.1733728, -0.05492264,-0.06631465, -0.2482096, -0.2452988, 0.9347849,-0.4916374, -0.02776306, -0.2991256, 0.8173406,0.8636297, -0.1435945, 0.2638703, -0.4048417,0.9487013, -0.2223256, 0.2020353, -0.09858485,1695797849497
0.03615865, 0.1144263, 0.4489454, 0.8854644,-0.1025349, 0.2573985, 0.4636304, 0.8415934,-0.3311451, 0.1192312, 0.5167118, 0.7804715,-0.5001163, -0.001522408, 0.5302875, 0.6845995,-0.114839, -0.01831898, -0.08022694, 0.9899697,-0.5861471, -0.02351265, -0.09830875, 0.8038745,0.9433583, -0.03775415, 0.09376609, -0.3160026,0.9948751, -0.06539023, 0.07708159, -0.002476727,-0.1129564, -0.0961489, -0.1563357, 0.9765016,-0.5731544, -0.005076826, -0.1821427, 0.798932,0.9220261, -0.09769014, 0.1538128, -0.3415643,0.9816118, -0.1384131, 0.1185054, -0.05689061,-0.1076993, -0.1746244, -0.1820853, 0.9616403,-0.5420843, -0.04222004, -0.2318573, 0.8066005,0.9026889, -0.09597896, 0.2152403, -0.3600174,0.9702808, -0.15933, 0.17365, -0.05490692,-0.0662161, -0.2485208, -0.2450761, 0.9347677,-0.4914786, -0.028231, -0.2990898, 0.8174332,0.863589, -0.1432118, 0.2640873, -0.4049226,0.9486887, -0.2220339, 0.2023677, -0.09868172,1695797849514
0.03639268, 0.1144437, 0.449123, 0.8853625,-0.1019254, 0.2574631, 0.4637423, 0.8415861,-0.3306374, 0.1192094, 0.5168494, 0.780599,-0.4995252, -0.001477652, 0.5304168, 0.684931,-0.1146247, -0.01819692, -0.08004149, 0.9900118,-0.5861741, -0.02341146, -0.09808032, 0.8038856,0.9434659, -0.03772781, 0.0935118, -0.3157596,0.9949005, -0.06528017, 0.07685275, -0.00227565,-0.1127409, -0.09601119, -0.1561702, 0.9765666,-0.5731868, -0.004948207, -0.1819131, 0.7989619,0.9221094, -0.09768616, 0.1535391, -0.3414637,0.9816672, -0.13834, 0.1182323, -0.05668065,-0.1074765, -0.1744819, -0.1819407, 0.9617185,-0.5422429, -0.04207164, -0.2316725, 0.8065547,0.9028714, -0.09604345, 0.2149833, -0.3596959,0.9703553, -0.1593205, 0.1733757, -0.05448268,-0.0659941, -0.2483602, -0.244958, 0.934857,-0.4916223, -0.02802943, -0.2988947, 0.8174251,0.863827, -0.1433508, 0.2637693, -0.4045727,0.9487971, -0.2220577, 0.202025, -0.09828723,1695797849532
0.03691465, 0.1145519, 0.4493761, 0.8851984,-0.1011063, 0.2575688, 0.4640069, 0.8415066,-0.3299482, 0.1191585, 0.5171512, 0.7806985,-0.4987219, -0.0014761, 0.5306995, 0.6852973,-0.1142034, -0.01785238, -0.07977109, 0.9900886,-0.5860869, -0.02296773, -0.09760619, 0.8040197,0.943607, -0.03785446, 0.09285217, -0.3155175,0.9949577, -0.06518196, 0.07619579, -0.002138254,-0.1123327, -0.09563661, -0.1559386, 0.9766873,-0.5730828, -0.004533726, -0.1814649, 0.7991408,0.9221888, -0.0978082, 0.152917, -0.3414935,0.981749, -0.1382689, 0.1176086, -0.05673461,-0.1070648, -0.1740995, -0.1817496, 0.9618698,-0.5422959, -0.04172563, -0.2313298, 0.8066354,0.9030802, -0.09620696, 0.2144731, -0.3594323,0.9704688, -0.1593104, 0.1728429, -0.05418427,-0.06559794, -0.2479487, -0.2448206, 0.93503,-0.4916937, -0.02762837, -0.2985617, 0.8175175,0.8641062, -0.1436077, 0.2632095, -0.4042499,0.9489485, -0.2221036, 0.2014259, -0.09795063,1695797849549
0.03695775, 0.1142929, 0.4494058, 0.885215,-0.1009514, 0.25735, 0.4639962, 0.841598,-0.3298359, 0.1189437, 0.5170822, 0.7808244,-0.4985844, -0.001625597, 0.5305836, 0.6854867,-0.1140306, -0.01805113, -0.07979395, 0.9901031,-0.5860724, -0.02304032, -0.09770633, 0.804016,0.9436615, -0.03787349, 0.09296764, -0.3153183,0.9949467, -0.06523766, 0.07629831, -0.001915659,-0.1121455, -0.0958205, -0.1559734, 0.9766853,-0.573069, -0.004646535, -0.1815862, 0.7991225,0.9221999, -0.09779737, 0.1530713, -0.3413973,0.9817371, -0.1383153, 0.1177456, -0.0565419,-0.106874, -0.1742761, -0.1817957, 0.9618503,-0.5423193, -0.04180599, -0.2314587, 0.8065785,0.9031181, -0.09624369, 0.2146113, -0.3592448,0.9704499, -0.1594045, 0.1729482, -0.0539085,-0.06539764, -0.2481095, -0.2448696, 0.9349886,-0.4917212, -0.02782464, -0.2987409, 0.8174288,0.8641276, -0.1435761, 0.2634507, -0.4040583,0.9489084, -0.2221586, 0.2016579, -0.09773645,1695797849566
0.03717289, 0.114064, 0.4494911, 0.8851923,-0.1007535, 0.2571212, 0.4641059, 0.8416312,-0.3295544, 0.11876, 0.517109, 0.7809535,-0.4983071, -0.00178544, 0.530568, 0.6856999,-0.1137203, -0.01813831, -0.07975939, 0.99014,-0.5857193, -0.02305294, -0.09769519, 0.8042743,0.9436151, -0.03788375, 0.09295488, -0.3154594,0.994947, -0.06523482, 0.07629028, -0.002175783,-0.111827, -0.095883, -0.155963, 0.9767174,-0.5727937, -0.004742125, -0.1816197, 0.7993117,0.922146, -0.09776752, 0.153133, -0.3415238,0.981722, -0.1383036, 0.1178148, -0.05668944,-0.1065531, -0.1743289, -0.1818093, 0.9618738,-0.5421004, -0.04183486, -0.2314894, 0.8067153,0.9030875, -0.09628061, 0.2146335, -0.3592987,0.9704405, -0.1594547, 0.17295, -0.05392351,-0.06507433, -0.2481381, -0.2449026, 0.9349949,-0.4915234, -0.02794803, -0.2988208, 0.8175144,0.8640649, -0.1435533, 0.2635667, -0.4041247,0.9488736, -0.2221805, 0.2017692, -0.09779503,1695797849583
0.03742618, 0.1138707, 0.4496655, 0.8851179,-0.1004257, 0.2568879, 0.4642893, 0.8416405,-0.3292033, 0.1185106, 0.5172148, 0.7810693,-0.4979802, -0.002043631, 0.5306145, 0.6859007,-0.1133826, -0.01818363, -0.07962152, 0.990189,-0.5854536, -0.02305085, -0.09757184, 0.8044827,0.9435976, -0.03783683, 0.09284385, -0.3155504,0.9949587, -0.06514723, 0.07620659, -0.002373234,-0.1114778, -0.09590185, -0.155853, 0.976773,-0.572604, -0.004752215, -0.1815158, 0.7994711,0.9221413, -0.09772921, 0.1530345, -0.3415919,0.9817367, -0.1382366, 0.1177336, -0.05676821,-0.1061956, -0.1743375, -0.1817275, 0.9619272,-0.5419518, -0.0418443, -0.2314182, 0.8068351,0.9031169, -0.09628294, 0.2145575, -0.3592695,0.9704615, -0.1594403, 0.1728702, -0.05384395,-0.06471112, -0.2481178, -0.2448472, 0.9350401,-0.4913886, -0.02793738, -0.2987511, 0.8176212,0.8640919, -0.1435748, 0.2634748, -0.4041194,0.9489038, -0.222184, 0.2016606, -0.09771815,1695797849600
0.03771676, 0.1140638, 0.4495083, 0.8851605,-0.09998699, 0.2570737, 0.464176, 0.8416985,-0.3288515, 0.1186849, 0.5171655, 0.7812237,-0.4976099, -0.001814169, 0.5306062, 0.6861764,-0.1132607, -0.01785105, -0.07977226, 0.9901968,-0.5855258, -0.02240973, -0.09744533, 0.8044637,0.9437334, -0.03831143, 0.09235812, -0.3152293,0.9949862, -0.06543653, 0.07560323, -0.00213356,-0.1113953, -0.09556218, -0.1560135, 0.97679,-0.5727073, -0.004195352, -0.1814326, 0.7994192,0.9222515, -0.09816797, 0.1526382, -0.3413457,0.9817649, -0.1385297, 0.1172386, -0.05658856,-0.1061376, -0.1739994, -0.1818987, 0.9619625,-0.5421475, -0.04139667, -0.2314213, 0.8067259,0.903292, -0.09669901, 0.2142867, -0.358879,0.9705037, -0.1597497, 0.1724805, -0.05341307,-0.06468985, -0.247786, -0.2450372, 0.9350798,-0.4915921, -0.02741968, -0.2987422, 0.8175197,0.8642889, -0.1440547, 0.2631482, -0.4037399,0.9489666, -0.2225328, 0.2011913, -0.09728146,1695797849618
0.03767123, 0.1141644, 0.4495932, 0.8851064,-0.09996466, 0.2570931, 0.4642444, 0.8416575,-0.3288123, 0.1186888, 0.5172356, 0.7811931,-0.4974981, -0.001774619, 0.5306756, 0.686204,-0.1133375, -0.01779843, -0.07965549, 0.9901984,-0.5857785, -0.02229741, -0.09727754, 0.8043031,0.9438578, -0.03830896, 0.09215486, -0.3149164,0.9950059, -0.065371, 0.07541039, -0.001786935,-0.1114682, -0.09551594, -0.1558926, 0.9768055,-0.5729621, -0.004140953, -0.1812929, 0.7992685,0.9223667, -0.09812966, 0.1524953, -0.3411092,0.9818094, -0.1384586, 0.1171045, -0.05626696,-0.1062027, -0.1739556, -0.181774, 0.9619868,-0.5424592, -0.04134596, -0.2313043, 0.8065524,0.9034633, -0.09668205, 0.2141583, -0.3585287,0.97056, -0.1597091, 0.1723491, -0.05293523,-0.06474948, -0.2477442, -0.2449129, 0.9351192,-0.4919289, -0.02734824, -0.2986278, 0.8173613,0.8644983, -0.1440621, 0.2630068, -0.403381,0.9490526, -0.2225061, 0.201041, -0.09681298,1695797849635
0.03822241, 0.1140522, 0.449604, 0.8850917,-0.09931406, 0.2569101, 0.4643359, 0.8417399,-0.3283194, 0.1184152, 0.5172896, 0.7814062,-0.4970118, -0.002011154, 0.5306662, 0.686563,-0.1128156, -0.01760126, -0.07969858, 0.990258,-0.5857111, -0.02179063, -0.09714434, 0.8043821,0.9439579, -0.03867607, 0.09173884, -0.3146931,0.9950305, -0.0655863, 0.07490188, -0.001572647,-0.1109688, -0.09527969, -0.1559772, 0.976872,-0.5729118, -0.003675213, -0.181195, 0.799329,0.9224271, -0.09849102, 0.1521336, -0.3410031,0.9818323, -0.1386903, 0.1166624, -0.05621491,-0.1057193, -0.1737078, -0.181901, 0.9620608,-0.5425239, -0.04093962, -0.23131, 0.806528,0.903604, -0.0970808, 0.2139058, -0.3582169,0.9705986, -0.1600207, 0.1719702, -0.05251721,-0.06429379, -0.2474685, -0.2450846, 0.9351787,-0.4919767, -0.02680808, -0.2985936, 0.8173629,0.8646535, -0.1445658, 0.2626357, -0.4031098,0.949119, -0.2228787, 0.2005041, -0.09641682,1695797849652
0.03839523, 0.1137442, 0.4495736, 0.8851393,-0.09903698, 0.2565896, 0.4643001, 0.8418901,-0.3281199, 0.1181004, 0.5171703, 0.7816166,-0.4968798, -0.00230192, 0.5304785, 0.6868026,-0.1125177, -0.01776671, -0.07980514, 0.9902804,-0.5857758, -0.02177971, -0.09731559, 0.8043147,0.944047, -0.03880654, 0.09186258, -0.3143732,0.9950145, -0.06575263, 0.07497516, -0.001193964,-0.1106658, -0.09542079, -0.1561046, 0.9768722,-0.5729702, -0.003654461, -0.1813717, 0.7992472,0.922487, -0.09863289, 0.1522518, -0.3407473,0.9818189, -0.1388692, 0.1167236, -0.05588004,-0.1054216, -0.173839, -0.1820486, 0.9620419,-0.5426272, -0.04088258, -0.2315133, 0.806403,0.903689, -0.09728494, 0.2140221, -0.3578777,0.9705801, -0.1602803, 0.1719885, -0.05200475,-0.06399711, -0.2475795, -0.2452429, 0.9351282,-0.4920457, -0.02671078, -0.2987746, 0.8172584,0.8647106, -0.1447856, 0.2627106, -0.4028596,0.9491032, -0.2231369, 0.2004737, -0.09603874,1695797849669
0.03807729, 0.1136281, 0.4495971, 0.885156,-0.09920119, 0.2564205, 0.4642258, 0.8419632,-0.3282869, 0.1179658, 0.5170504, 0.7816461,-0.4970268, -0.002388621, 0.5303314, 0.6868095,-0.1127221, -0.01803603, -0.07978445, 0.9902539,-0.586163, -0.02205306, -0.09744816, 0.804009,0.9441874, -0.03866185, 0.09212895, -0.3138913,0.9949961, -0.065708, 0.07526579, -0.0005752965,-0.1108446, -0.09570401, -0.1560664, 0.9768303,-0.5732968, -0.003928715, -0.1814994, 0.7989826,0.9225987, -0.09847265, 0.1525143, -0.3403735,0.9818245, -0.1388099, 0.1170013, -0.05534693,-0.1055871, -0.1741242, -0.1819919, 0.9619829,-0.5429332, -0.04110769, -0.2316118, 0.8061574,0.9037952, -0.09715089, 0.2142326, -0.3575196,0.9705733, -0.1602411, 0.1722111, -0.05151299,-0.06413744, -0.2478705, -0.2451604, 0.9350631,-0.4923203, -0.02697008, -0.2988714, 0.8170491,0.8647852, -0.144601, 0.2629487, -0.4026103,0.9490921, -0.2230418, 0.2007581, -0.0957742,1695797849686
0.03787548, 0.1133148, 0.4495966, 0.8852051,-0.09937015, 0.2560672, 0.4641676, 0.8420829,-0.3284099, 0.1176903, 0.5168858, 0.7817449,-0.4971785, -0.002626896, 0.5301085, 0.6868709,-0.1127318, -0.01840788, -0.07983734, 0.9902418,-0.5862567, -0.02241325, -0.09770927, 0.803899,0.9442232, -0.03852727, 0.09254786, -0.3136769,0.9949625, -0.06571548, 0.07570291, -0.0003172591,-0.1108262, -0.0960739, -0.1561154, 0.9767883,-0.5734087, -0.00426432, -0.1817523, 0.7988432,0.922631, -0.09834447, 0.1529067, -0.340147,0.9817962, -0.1388176, 0.1173957, -0.05499164,-0.1055593, -0.1744896, -0.1820356, 0.9619114,-0.5430535, -0.04136163, -0.2318314, 0.8060002,0.9038121, -0.09706967, 0.2145555, -0.3573053,0.9705307, -0.160299, 0.1725131, -0.05112309,-0.06408583, -0.2482288, -0.2451854, 0.934965,-0.4924197, -0.02720504, -0.2990646, 0.8169107,0.8647659, -0.1444981, 0.263249, -0.4024925,0.949046, -0.2230662, 0.2010503, -0.09556172,1695797849705
0.03758309, 0.1128939, 0.4496962, 0.8852208,-0.09988346, 0.2556279, 0.4642358, 0.842118,-0.3286257, 0.1174392, 0.5167868, 0.7817574,-0.4974786, -0.002916211, 0.5299548, 0.6867711,-0.1127476, -0.01892824, -0.07979621, 0.9902334,-0.5859967, -0.02300595, -0.09795692, 0.8040416,0.9441026, -0.0381912, 0.09309278, -0.3139193,0.9949245, -0.06556822, 0.07632589, -0.0005844155,-0.1107947, -0.09659169, -0.15607, 0.976748,-0.5733067, -0.00488647, -0.1820207, 0.7988517,0.9225946, -0.09799922, 0.1534652, -0.3400937,0.9817583, -0.1386779, 0.1179995, -0.05472894,-0.105506, -0.1750008, -0.1819844, 0.9618341,-0.5429561, -0.04184593, -0.2320251, 0.805985,0.9037378, -0.09678874, 0.2149853, -0.357311,0.970478, -0.1602233, 0.1729602, -0.05085048,-0.06399153, -0.248726, -0.2451113, 0.9348588,-0.4922946, -0.02772209, -0.2992456, 0.8169025,0.8646306, -0.1441527, 0.2636976, -0.4026132,0.9489833, -0.222941, 0.2015285, -0.09546909,1695797849723
0.03742002, 0.1128668, 0.4498388, 0.8851587,-0.1001597, 0.2555538, 0.464367, 0.8420354,-0.3286472, 0.117478, 0.5168592, 0.7816947,-0.4975382, -0.002935719, 0.5300338, 0.6866668,-0.1128493, -0.01905138, -0.07963497, 0.9902325,-0.5860538, -0.02326998, -0.097902, 0.8039992,0.9441413, -0.03794942, 0.09319943, -0.3138007,0.9949239, -0.0653797, 0.07649698, -0.0003639562,-0.1108743, -0.09672189, -0.155902, 0.9767529,-0.5734895, -0.005143229, -0.1819741, 0.7987295,0.9227188, -0.09777915, 0.1535587, -0.3397778,0.9817981, -0.1385246, 0.1181184, -0.05414314,-0.1055679, -0.1751316, -0.1818096, 0.9618366,-0.5431674, -0.04199968, -0.2319418, 0.8058587,0.9038725, -0.0966341, 0.2149949, -0.3570063,0.970525, -0.1601359, 0.1729666, -0.05020345,-0.06403174, -0.2488542, -0.2449288, 0.9348697,-0.4924772, -0.02784688, -0.2991414, 0.8168262,0.8647662, -0.1440085, 0.2636714, -0.4023907,0.9490638, -0.2228508, 0.2014909, -0.09495717,1695797849740
0.03744191, 0.1127554, 0.4501207, 0.8850287,-0.100323, 0.2553502, 0.464678, 0.8419061,-0.3285094, 0.1173679, 0.517063, 0.7816343,-0.4974594, -0.003142642, 0.530207, 0.6865892,-0.1127317, -0.01916076, -0.0793482, 0.9902668,-0.5857962, -0.02364366, -0.09775709, 0.8041936,0.9440516, -0.03756316, 0.0932978, -0.3140878,0.9949293, -0.06504953, 0.07670742, -0.0005941808,-0.1107283, -0.09682143, -0.1556274, 0.9768034,-0.573373, -0.005478661, -0.181828, 0.7988442,0.9227373, -0.0974424, 0.1536113, -0.3398005,0.9818345, -0.1382445, 0.1182366, -0.0539398,-0.1053977, -0.1752255, -0.1815473, 0.9618877,-0.5430939, -0.04219418, -0.2317517, 0.8059527,0.9039027, -0.09638882, 0.2149381, -0.3570303,0.9705752, -0.1599337, 0.1729463, -0.04994554,-0.06383677, -0.2489267, -0.2446789, 0.9349292,-0.4924017, -0.0280364, -0.2989507, 0.8169351,0.8647913, -0.1437623, 0.2636094, -0.4024656,0.9491336, -0.2226436, 0.2014631, -0.09480449,1695797849759
0.03738113, 0.112885, 0.4502452, 0.8849514,-0.1004976, 0.255439, 0.4648198, 0.8417801,-0.3284086, 0.1175689, 0.5171886, 0.7815633,-0.4974128, -0.003027578, 0.5303747, 0.6864941,-0.1128302, -0.01909545, -0.07918084, 0.9902702,-0.5857885, -0.02378671, -0.09761585, 0.8042121,0.9440341, -0.03735813, 0.09326861, -0.3141735,0.9949397, -0.06485362, 0.07673768, -0.0005789648,-0.1108203, -0.09676429, -0.1554549, 0.9768261,-0.5734566, -0.005597526, -0.1816838, 0.7988161,0.9228064, -0.09727012, 0.1535541, -0.3396882,0.9818788, -0.1380877, 0.1182037, -0.05360748,-0.1054784, -0.1751714, -0.1813702, 0.9619221,-0.5432024, -0.04222273, -0.2315726, 0.8059296,0.9039888, -0.09626978, 0.214804, -0.356925,0.9706342, -0.1598159, 0.1728222, -0.04960551,-0.06390912, -0.2488745, -0.2445029, 0.9349842,-0.4925092, -0.02806554, -0.2987755, 0.8169335,0.8648926, -0.1436489, 0.2634757, -0.4023759,0.949215, -0.222525, 0.2013382, -0.09453258,1695797849775
0.03698163, 0.1130396, 0.4504237, 0.8848576,-0.1009941, 0.2555631, 0.4649439, 0.8416144,-0.328623, 0.1177979, 0.5173094, 0.7813588,-0.4975971, -0.002849053, 0.5305443, 0.6862301,-0.1132179, -0.0191942, -0.07892902, 0.9902442,-0.5859037, -0.02417653, -0.09748285, 0.8041328,0.9440295, -0.03694806, 0.093393, -0.3141989,0.9949434, -0.06451403, 0.07697631, -0.0004706357,-0.1111801, -0.09689248, -0.1551754, 0.976817,-0.5736418, -0.00593245, -0.1815265, 0.7987165,0.9229037, -0.09690458, 0.1536118, -0.3395022,0.9819278, -0.1377788, 0.1183388, -0.05320559,-0.1058115, -0.175308, -0.1810629, 0.9619185,-0.5433437, -0.04252939, -0.2313662, 0.8058775,0.9040653, -0.09589376, 0.2148103, -0.356829,0.9706826, -0.1594853, 0.1729264, -0.04935736,-0.06421056, -0.2490248, -0.2441712, 0.9350102,-0.4926337, -0.02845773, -0.2985949, 0.8169108,0.8649763, -0.1432182, 0.2635475, -0.4023024,0.9492772, -0.2221578, 0.2015308, -0.0943618,1695797849792
0.03697035, 0.1132918, 0.4503801, 0.8848479,-0.1010116, 0.2558008, 0.4649191, 0.8415538,-0.3285879, 0.1180565, 0.5173456, 0.7813105,-0.4975064, -0.002570144, 0.5306385, 0.6862242,-0.1133627, -0.01898301, -0.07892492, 0.990232,-0.5858839, -0.02402814, -0.09737036, 0.8041652,0.9439948, -0.03699239, 0.09321965, -0.3143494,0.9949579, -0.06450457, 0.07679518, -0.0005837295,-0.1113419, -0.09669407, -0.1551615, 0.9768204,-0.5736224, -0.005769012, -0.181403, 0.7987596,0.9229061, -0.09696802, 0.1534195, -0.3395644,0.9819499, -0.1377864, 0.1181323, -0.05323526,-0.1059789, -0.1751163, -0.1810398, 0.9619394,-0.5433004, -0.04242529, -0.2312493, 0.8059457,0.9040647, -0.09591129, 0.214656, -0.3569187,0.97071, -0.1594502, 0.1727767, -0.04945587,-0.06439016, -0.2488481, -0.2441472, 0.9350511,-0.4926008, -0.02840968, -0.2985087, 0.8169639,0.8649839, -0.1432134, 0.2634473, -0.4023534,0.9492964, -0.22211, 0.2014491, -0.0944557,1695797849810
0.03666118, 0.1138415, 0.4502563, 0.8848532,-0.1011627, 0.2564647, 0.4647271, 0.8414397,-0.3286486, 0.1187829, 0.5173355, 0.7811816,-0.4975442, -0.001866766, 0.5307937, 0.6860789,-0.1139216, -0.0186711, -0.07893099, 0.9901733,-0.5861292, -0.0238912, -0.09723183, 0.8040073,0.944009, -0.03699565, 0.09303838, -0.31436,0.9949749, -0.06445502, 0.07661832, -0.0005303893,-0.1119248, -0.09642778, -0.1551259, 0.9767858,-0.5738339, -0.005619578, -0.1812429, 0.7986451,0.922954, -0.09697351, 0.1532211, -0.3395221,0.9819884, -0.1377447, 0.1179277, -0.05308582,-0.1065674, -0.1748694, -0.1809632, 0.9619337,-0.5434551, -0.04233864, -0.2310625, 0.8058996,0.904103, -0.09583908, 0.2144698, -0.356953,0.9707549, -0.159314, 0.1726311, -0.04952281,-0.06499059, -0.2486468, -0.2440442, 0.9350901,-0.4927647, -0.02841509, -0.2983633, 0.8169179,0.8650461, -0.1430962, 0.2633469, -0.4023273,0.9493358, -0.2219435, 0.2014179, -0.09451729,1695797849826
0.03653893, 0.1140114, 0.4499939, 0.8849699,-0.1012042, 0.2567295, 0.4644427, 0.841511,-0.3286299, 0.1191674, 0.517123, 0.7812716,-0.4976193, -0.001500321, 0.5306739, 0.6861181,-0.1141504, -0.01856753, -0.07917845, 0.9901291,-0.5860987, -0.02390429, -0.0974587, 0.8040016,0.9439071, -0.03709482, 0.0932394, -0.3145946,0.9949522, -0.06461898, 0.07677239, -0.0007017772,-0.1121782, -0.09634263, -0.1553529, 0.976729,-0.5738196, -0.005563085, -0.1814323, 0.7986128,0.9228723, -0.0971031, 0.1533611, -0.3396441,0.981951, -0.1379205, 0.1180109, -0.0531374,-0.1068407, -0.1747927, -0.1811697, 0.9618784,-0.5433667, -0.04225681, -0.2312011, 0.8059238,0.9039702, -0.09594079, 0.2145576, -0.357209,0.970709, -0.1594319, 0.1726878, -0.04984461,-0.06528333, -0.2485973, -0.2442312, 0.935034,-0.4926696, -0.02842005, -0.2985319, 0.8169135,0.8648957, -0.143141, 0.263514, -0.4025251,0.9492548, -0.2220319, 0.2015709, -0.09479646,1695797849843
0.03638852, 0.1139339, 0.449648, 0.8851619,-0.1014136, 0.2567167, 0.4640999, 0.8416787,-0.328855, 0.1192642, 0.5167864, 0.7813848,-0.4979524, -0.001397694, 0.530368, 0.6861131,-0.1142892, -0.01867993, -0.07956683, 0.9900799,-0.5860009, -0.02386758, -0.09785007, 0.8040265,0.943806, -0.0373412, 0.09354107, -0.3147792,0.9949145, -0.06494504, 0.07698337, -0.000946578,-0.1123333, -0.09646484, -0.1557247, 0.9766399,-0.5737086, -0.005557328, -0.1818249, 0.7986034,0.9227147, -0.09730066, 0.1537002, -0.3398624,0.9818634, -0.1382063, 0.1182801, -0.05341528,-0.1070196, -0.1749185, -0.1815237, 0.9617689,-0.5432328, -0.04226896, -0.2315667, 0.8059084,0.9037592, -0.0960823, 0.2148906, -0.3575045,0.9705992, -0.1596577, 0.1729716, -0.05027398,-0.06547707, -0.248744, -0.2445584, 0.9348959,-0.4925709, -0.02848933, -0.2989137, 0.816831,0.8646672, -0.1432309, 0.2639053, -0.4027277,0.9491009, -0.2222351, 0.2019223, -0.09511301,1695797849861
0.03652475, 0.113765, 0.4491441, 0.8854339,-0.1013625, 0.2565419, 0.4636756, 0.841972,-0.328898, 0.1192051, 0.5163322, 0.781676,-0.4981321, -0.001407249, 0.5299121, 0.6863349,-0.1141642, -0.0187021, -0.08016489, 0.9900456,-0.585754, -0.02359522, -0.09837693, 0.8041502,0.9436455, -0.03785945, 0.09381587, -0.3151166,0.9948685, -0.06551573, 0.07708725, -0.001417791,-0.1122483, -0.09647695, -0.1563247, 0.9765527,-0.5734028, -0.005350609, -0.1823663, 0.7987009,0.9224405, -0.0977411, 0.1540545, -0.3403195,0.981729, -0.1387166, 0.1185066, -0.05405565,-0.1069802, -0.1749289, -0.1821245, 0.9616578,-0.5429347, -0.04205612, -0.2320922, 0.8059693,0.9034305, -0.09648449, 0.2152353, -0.3580193,0.9704434, -0.1601197, 0.1731969, -0.05103063,-0.06547833, -0.2487681, -0.2451486, 0.9347348,-0.4923437, -0.02829818, -0.2994525, 0.8167772,0.8643018, -0.1435938, 0.2642979, -0.4031251,0.9488752, -0.2226824, 0.2022007, -0.09572532,1695797849878
0.03672358, 0.1134023, 0.4489037, 0.885594,-0.1013403, 0.2562103, 0.4635108, 0.8421664,-0.3289674, 0.1189069, 0.5160882, 0.7818533,-0.4983645, -0.001738114, 0.5296063, 0.6864014,-0.1138481, -0.01887982, -0.08051556, 0.9900502,-0.5852956, -0.02347973, -0.09873003, 0.804444,0.9434694, -0.03816637, 0.0940332, -0.3155417,0.9948351, -0.06586306, 0.07720733, -0.002037481,-0.111943, -0.09662873, -0.1566943, 0.9765134,-0.5729439, -0.00532785, -0.182755, 0.7989416,0.9221881, -0.09797447, 0.1543657, -0.3407952,0.9816148, -0.1390035, 0.1187679, -0.05481394,-0.1066983, -0.1750708, -0.1825121, 0.9615898,-0.542488, -0.04205099, -0.2324861, 0.8061568,0.9031323, -0.09668992, 0.215567, -0.3585164,0.9703109, -0.1603917, 0.1734722, -0.05175672,-0.06521315, -0.2488976, -0.2455402, 0.9346161,-0.4919451, -0.0282741, -0.2998373, 0.8168771,0.8639662, -0.1437889, 0.2646254, -0.4035598,0.9486979, -0.2229666, 0.2024543, -0.09628341,1695797849896
0.03695105, 0.1130762, 0.4488601, 0.8856483,-0.1013099, 0.2558758, 0.4635429, 0.842254,-0.3289384, 0.1185923, 0.5160236, 0.781956,-0.498474, -0.002117998, 0.5294714, 0.6864249,-0.1134971, -0.01903028, -0.08064355, 0.9900772,-0.5848838, -0.02349028, -0.09890062, 0.8047222,0.9433336, -0.0382681, 0.09417365, -0.3158935,0.9948167, -0.06599101, 0.07731954, -0.002579886,-0.1115898, -0.09675083, -0.1568471, 0.9765173,-0.5725604, -0.005431733, -0.1829682, 0.7991669,0.9220054, -0.09801181, 0.154598, -0.3411732,0.9815399, -0.139083, 0.1190075, -0.05543031,-0.1063532, -0.1751818, -0.1826891, 0.9615743,-0.5421152, -0.04208791, -0.2326825, 0.8063489,0.9029206, -0.09676278, 0.2157533, -0.3589176,0.9702313, -0.1604971, 0.1736467, -0.05233284,-0.06487263, -0.2489861, -0.2457317, 0.9345659,-0.4916236, -0.02832543, -0.3000468, 0.8169919,0.8637198, -0.1438345, 0.2648435, -0.4039278,0.9485855, -0.2230794, 0.2026475, -0.09672196,1695797849914
0.03712092, 0.1127032, 0.4488052, 0.8857166,-0.1013796, 0.2555491, 0.4635547, 0.8423383,-0.3289998, 0.118294, 0.5159408, 0.7820299,-0.4986497, -0.002465903, 0.5293224, 0.6864111,-0.1131722, -0.01924977, -0.08079006, 0.9900982,-0.5845378, -0.02353352, -0.09911563, 0.8049458,0.9431828, -0.03835804, 0.0943737, -0.3162728,0.9947927, -0.06612814, 0.07749067, -0.003131905,-0.1112581, -0.09694345, -0.1570156, 0.9765089,-0.5722504, -0.005571386, -0.1832282, 0.7993284,0.9218283, -0.09803696, 0.1548947, -0.3415097,0.9814601, -0.1391741, 0.1193071, -0.05596866,-0.1060282, -0.1753631, -0.1828788, 0.9615411,-0.5418247, -0.04216037, -0.2329276, 0.8064696,0.902713, -0.09681975, 0.2160062, -0.3592722,0.9701413, -0.1606112, 0.1738873, -0.05284996,-0.06454787, -0.2491455, -0.2459304, 0.9344936,-0.491384, -0.02840419, -0.3002991, 0.8170406,0.8634791, -0.1438646, 0.2651213, -0.4042492,0.9484638, -0.2231986, 0.2029009, -0.0971088,1695797849931
0.03694404, 0.1126707, 0.4486532, 0.8858052,-0.1017088, 0.2554788, 0.4634213, 0.8423934,-0.329383, 0.118229, 0.515801, 0.7819706,-0.4989548, -0.002455295, 0.5291717, 0.6863056,-0.113327, -0.01935674, -0.08095382, 0.990065,-0.5847664, -0.02329031, -0.09920499, 0.8047758,0.9432302, -0.03859599, 0.09431022, -0.3161215,0.9947895, -0.06632222, 0.07736557, -0.003124621,-0.1114141, -0.09706156, -0.1571644, 0.9764555,-0.5724242, -0.005561209, -0.183406, 0.7991632,0.9217772, -0.09809839, 0.1550657, -0.3415523,0.9814128, -0.1392598, 0.1194797, -0.05621537,-0.1061911, -0.1754846, -0.1830119, 0.9614756,-0.5420086, -0.04218367, -0.2331111, 0.8062918,0.9026546, -0.09683819, 0.2162003, -0.3592972,0.970085, -0.1606612, 0.1740925, -0.05305568,-0.06471081, -0.2492806, -0.2460426, 0.9344168,-0.4916416, -0.02835962, -0.3004589, 0.8168285,0.863426, -0.1438932, 0.265282, -0.404247,0.9484017, -0.223255, 0.203069, -0.09723383,1695797849948
0.03724338, 0.1129001, 0.4482351, 0.8859751,-0.1015247, 0.2556736, 0.4631391, 0.8425117,-0.3294203, 0.1183741, 0.5156107, 0.7820585,-0.4989755, -0.002243186, 0.5290196, 0.6864086,-0.1132554, -0.01896389, -0.08138518, 0.9900455,-0.5849733, -0.02245776, -0.09929778, 0.8046377,0.9433565, -0.0393392, 0.09389798, -0.3157753,0.9948001, -0.06688745, 0.0767494, -0.002891273,-0.1114061, -0.09666585, -0.1575984, 0.9764257,-0.5726081, -0.004931661, -0.1835835, 0.7989949,0.9217861, -0.09869709, 0.1548745, -0.3414427,0.9813755, -0.139747, 0.1191553, -0.05634711,-0.1062303, -0.1750935, -0.1834492, 0.9614592,-0.5422669, -0.04156147, -0.2333279, 0.8060877,0.9027092, -0.09744807, 0.2160396, -0.3590917,0.9700658, -0.1611699, 0.1737628, -0.05294516,-0.06480888, -0.2489113, -0.246489, 0.9343908,-0.4919726, -0.02763361, -0.3006593, 0.8165802,0.8635027, -0.1445684, 0.2650653, -0.4039843,0.9483861, -0.2238179, 0.2026454, -0.09697557,1695797849966
0.03754371, 0.1131744, 0.4475077, 0.886295,-0.1013629, 0.2559951, 0.4625723, 0.8427449,-0.3295521, 0.118692, 0.5151882, 0.7822332,-0.4991288, -0.001825899, 0.5286807, 0.6865594,-0.1132521, -0.01850308, -0.08214785, 0.9899916,-0.5852463, -0.02145591, -0.09966354, 0.8044212,0.9434591, -0.04036907, 0.09361365, -0.3154231,0.9947864, -0.06776973, 0.07616062, -0.002600641,-0.1114947, -0.09620779, -0.1583545, 0.9763385,-0.5728114, -0.004137712, -0.1840276, 0.7987514,0.9217528, -0.09957384, 0.1548171, -0.3413041,0.9812915, -0.1405442, 0.1188722, -0.05642485,-0.1063928, -0.1746438, -0.1841988, 0.9613797,-0.5425457, -0.04075511, -0.2337942, 0.8058061,0.902692, -0.09832373, 0.2159934, -0.3589242,0.9699908, -0.1619683, 0.1734561, -0.05288703,-0.06505581, -0.2485021, -0.2472356, 0.9342853,-0.4923292, -0.0267878, -0.3011355, 0.816218,0.8634737, -0.1454552, 0.2650339, -0.4037486,0.9482759, -0.224634, 0.2023356, -0.09681303,1695797849982
0.03743709, 0.1133111, 0.4469163, 0.8865805,-0.1016688, 0.2561127, 0.4620687, 0.8429486,-0.3300737, 0.1188311, 0.5147625, 0.7822724,-0.4996207, -0.001574394, 0.528298, 0.6864969,-0.1135, -0.01838764, -0.08276469, 0.9899139,-0.5856621, -0.02085794, -0.1000663, 0.8040844,0.9435972, -0.04108833, 0.09359526, -0.3149222,0.9947599, -0.06844474, 0.07591864, -0.002107089,-0.1117935, -0.09611209, -0.1589447, 0.9762179,-0.5731455, -0.003763861, -0.1845094, 0.7984024,0.9217442, -0.1001123, 0.1550335, -0.3410715,0.9812039, -0.1410988, 0.1189496, -0.0564001,-0.1067396, -0.1745584, -0.1847615, 0.9612488,-0.5428915, -0.04038015, -0.2342676, 0.8054545,0.9026684, -0.09883381, 0.216203, -0.358717,0.9698972, -0.1625008, 0.173509, -0.05279746,-0.06544718, -0.2484593, -0.2477664, 0.9341287,-0.4927243, -0.02642299, -0.3016177, 0.8158133,0.8634175, -0.1459221, 0.2652887, -0.403533,0.9481443, -0.2251432, 0.2024399, -0.09670113,1695797849999
0.03737228, 0.1134214, 0.4467592, 0.8866482,-0.1019221, 0.2561263, 0.4619757, 0.8429648,-0.3304407, 0.1187914, 0.5146949, 0.782168,-0.4999545, -0.001597729, 0.5282231, 0.6863114,-0.1136343, -0.01831383, -0.08291123, 0.9898877,-0.5859689, -0.02062002, -0.1001236, 0.8038598,0.943678, -0.04130382, 0.09350894, -0.3146777,0.9947596, -0.06862208, 0.07576896, -0.001850311,-0.1119435, -0.09604915, -0.1590793, 0.9761849,-0.5733722, -0.003692606, -0.1846279, 0.7982125,0.921715, -0.1001873, 0.1551245, -0.3410869,0.9811721, -0.1411793, 0.1190357, -0.0565699,-0.1069018, -0.1745005, -0.1848841, 0.9612177,-0.5431092, -0.04024295, -0.2343581, 0.8052883,0.9026312, -0.09892389, 0.2162343, -0.3587669,0.9698726, -0.162579, 0.1735259, -0.05295188,-0.06562181, -0.2484178, -0.2478781, 0.9340979,-0.4930044, -0.02626166, -0.3017102, 0.8156151,0.8633782, -0.1460013, 0.2653344, -0.4035584,0.9481086, -0.2252185, 0.2024731, -0.09680656,1695797850016
0.03752501, 0.113235, 0.446809, 0.8866405,-0.1019618, 0.2558336, 0.4620976, 0.8429821,-0.3305271, 0.1184478, 0.514738, 0.7821552,-0.500099, -0.00199082, 0.5281866, 0.6862332,-0.1134034, -0.01839492, -0.08290336, 0.9899133,-0.5859911, -0.02071764, -0.1001948, 0.8038322,0.9436357, -0.04125238, 0.09362932, -0.3147753,0.9947502, -0.0686116, 0.07589899, -0.001950101,-0.1117063, -0.09611174, -0.159089, 0.9762043,-0.5733155, -0.003800419, -0.1847037, 0.7982352,0.9216197, -0.1001126, 0.1552655, -0.3413022,0.9811339, -0.1411281, 0.1192173, -0.05697658,-0.1066636, -0.1745557, -0.1849113, 0.9612289,-0.5430052, -0.0402526, -0.2344066, 0.8053438,0.902496, -0.09889469, 0.216302, -0.3590741,0.9698363, -0.1625538, 0.1736173, -0.05339305,-0.06538186, -0.2484552, -0.2479185, 0.934094,-0.4929198, -0.02622001, -0.3017415, 0.8156559,0.8632092, -0.1459736, 0.2653811, -0.4038989,0.9480562, -0.2251974, 0.2025378, -0.09723192,1695797850034
0.03738492, 0.1128958, 0.4466994, 0.8867449,-0.1023312, 0.2554285, 0.462014, 0.843106,-0.3308966, 0.1180945, 0.5145428, 0.7821808,-0.5005057, -0.00232199, 0.5279159, 0.6861439,-0.1133643, -0.0187454, -0.0830849, 0.989896,-0.5861083, -0.02097617, -0.100556, 0.803695,0.9435788, -0.04122965, 0.09408309, -0.3148135,0.9947082, -0.06873279, 0.07633685, -0.002003937,-0.11165, -0.09645653, -0.1592688, 0.9761475,-0.5733997, -0.004107018, -0.1850828, 0.7980853,0.9215161, -0.1000294, 0.1557776, -0.3413731,0.9810494, -0.1411853, 0.1197465, -0.05718069,-0.1066089, -0.1748953, -0.1850881, 0.9611392,-0.5430303, -0.04043884, -0.2347276, 0.805224,0.9023283, -0.09884884, 0.2167055, -0.359265,0.9697363, -0.1626331, 0.1740196, -0.05365813,-0.06531449, -0.2487899, -0.2480769, 0.9339676,-0.4929498, -0.02636027, -0.3020283, 0.8155271,0.862983, -0.1458984, 0.2657624, -0.4041587,0.9479271, -0.2252497, 0.202925, -0.09756167,1695797850052
0.03781912, 0.1125831, 0.4470246, 0.8866023,-0.1022606, 0.2549822, 0.4624769, 0.8429958,-0.3307518, 0.1175684, 0.5148578, 0.782114,-0.5003547, -0.002909979, 0.5281026, 0.6861081,-0.1127912, -0.01880986, -0.08281611, 0.9899827,-0.5857338, -0.02105058, -0.100345, 0.8039923,0.9435077, -0.04106502, 0.09394635, -0.3150887,0.9947271, -0.06852654, 0.0762651, -0.002378392,-0.1110561, -0.0964762, -0.1590479, 0.9762493,-0.5730982, -0.004197746, -0.1849006, 0.7983437,0.9214663, -0.09987772, 0.1556608, -0.3416051,0.9810567, -0.1409796, 0.1197105, -0.05763488,-0.1059986, -0.1748977, -0.1849156, 0.9612395,-0.5427746, -0.0404606, -0.2345706, 0.8054411,0.9022822, -0.09876824, 0.2165762, -0.3594807,0.9697605, -0.1625135, 0.1739247, -0.05388914,-0.06469302, -0.2487424, -0.2479509, 0.9340569,-0.4926873, -0.02623152, -0.3018158, 0.8157686,0.8629185, -0.1459002, 0.2655071, -0.4044636,0.9479759, -0.225187, 0.2026615, -0.0977791,1695797850069
0.03817817, 0.1126238, 0.4471055, 0.886541,-0.1021898, 0.2548549, 0.4627089, 0.8429156,-0.3306359, 0.1173991, 0.5150417, 0.7820674,-0.5002389, -0.003122777, 0.5282431, 0.6860835,-0.1124982, -0.01859246, -0.0827397, 0.9900266,-0.5857467, -0.02074779, -0.1001444, 0.8040158,0.9436051, -0.04121703, 0.0935977, -0.314881,0.9947542, -0.06855994, 0.07588746, -0.002166948,-0.1107779, -0.0962377, -0.1589969, 0.9763128,-0.5731614, -0.003992341, -0.1847572, 0.7983325,0.9215618, -0.09999035, 0.1554127, -0.3414274,0.9810902, -0.1410022, 0.1194552, -0.05754066,-0.1057256, -0.1746538, -0.1848909, 0.9613186,-0.5428918, -0.04016461, -0.234442, 0.8054143,0.9024118, -0.09896911, 0.21629, -0.3592724,0.9698206, -0.1626239, 0.1735792, -0.05358901,-0.06443667, -0.2484818, -0.2479592, 0.9341418,-0.4928227, -0.02587074, -0.3016817, 0.8157479,0.8630576, -0.1461505, 0.2651814, -0.4042902,0.9480611, -0.2253389, 0.2022462, -0.09746304,1695797850087
0.03821434, 0.1127392, 0.4470145, 0.8865707,-0.1023482, 0.2548231, 0.4627026, 0.8429095,-0.3307898, 0.1173681, 0.5150274, 0.7820163,-0.5003623, -0.003138267, 0.5282222, 0.6860095,-0.1125403, -0.01846706, -0.08281854, 0.9900175,-0.5859569, -0.02052411, -0.1001311, 0.8038701,0.9437178, -0.04139926, 0.09345366, -0.314562,0.9947609, -0.06868841, 0.07569272, -0.001818478,-0.110836, -0.09611644, -0.1590723, 0.9763058,-0.5733603, -0.003908381, -0.1848031, 0.7981795,0.9216413, -0.1000857, 0.1554037, -0.3411888,0.9810948, -0.1410871, 0.1194232, -0.05731993,-0.1057936, -0.1745356, -0.184963, 0.9613187,-0.5431288, -0.03997292, -0.2344608, 0.8052586,0.9025168, -0.09913623, 0.2161983, -0.3590178,0.9698412, -0.1627601, 0.1734325, -0.05327522,-0.06451824, -0.2483726, -0.2480313, 0.934146,-0.4930945, -0.02572021, -0.3017328, 0.8155695,0.8631677, -0.1462931, 0.2651463, -0.4040264,0.9480822, -0.2254702, 0.2021568, -0.09713874,1695797850104
0.03861485, 0.1128843, 0.4468842, 0.8866006,-0.1020855, 0.2548003, 0.4627192, 0.8429391,-0.3305574, 0.1173337, 0.5150389, 0.7821122,-0.5001839, -0.003194311, 0.5282254, 0.6861369,-0.1122974, -0.0181192, -0.0829555, 0.9900401,-0.5860355, -0.02008463, -0.1000844, 0.8038297,0.9437916, -0.04173985, 0.09315611, -0.3143838,0.9947749, -0.06891993, 0.07530152, -0.001602542,-0.1106335, -0.09575218, -0.1592287, 0.976339,-0.5733766, -0.003558456, -0.184797, 0.7981708,0.9216569, -0.1003756, 0.155201, -0.3411538,0.9810942, -0.1412943, 0.1191576, -0.05737174,-0.1056164, -0.1741697, -0.1851401, 0.9613705,-0.5431747, -0.03951343, -0.2344486, 0.8052539,0.902562, -0.09951489, 0.2159265, -0.3589628,0.9698653, -0.1630281, 0.1730587, -0.05323436,-0.06438043, -0.2480048, -0.2482368, 0.9341987,-0.4931765, -0.02528743, -0.3017595, 0.8155236,0.863208, -0.1466662, 0.2649288, -0.4039477,0.9480923, -0.2257468, 0.2018332, -0.09707039,1695797850122
0.03866164, 0.1128281, 0.4466165, 0.8867406,-0.1021238, 0.2546658, 0.4625089, 0.8430905,-0.3306349, 0.1172631, 0.5147995, 0.7822477,-0.5003065, -0.003221086, 0.5279761, 0.6862392,-0.1122695, -0.01811612, -0.08326425, 0.9900174,-0.5862544, -0.01983706, -0.1003325, 0.8036452,0.9438843, -0.04209185, 0.0932116, -0.314042,0.9947554, -0.0692707, 0.07524424, -0.001259686,-0.1106272, -0.09574677, -0.1595356, 0.9762902,-0.5735165, -0.003467046, -0.185105, 0.7979993,0.9216502, -0.1006113, 0.1554131, -0.341006,0.9810399, -0.1415717, 0.1193035, -0.05731394,-0.1056338, -0.1741646, -0.1854446, 0.9613108,-0.5433155, -0.03931973, -0.2347239, 0.8050882,0.9025703, -0.09982126, 0.2160488, -0.3587834,0.9698148, -0.1633533, 0.173081, -0.05308474,-0.06441922, -0.2480094, -0.2485339, 0.9341158,-0.4933502, -0.02511829, -0.3020516, 0.8153155,0.8631962, -0.1469425, 0.2650924, -0.4037651,0.9480218, -0.2260631, 0.201895, -0.09689459,1695797850139
0.03874902, 0.1128361, 0.4465149, 0.8867869,-0.1020393, 0.2545562, 0.4624468, 0.8431678,-0.3305918, 0.1171639, 0.5147121, 0.7823383,-0.5003024, -0.003311033, 0.5278683, 0.6863247,-0.1122153, -0.01805322, -0.08337949, 0.990015,-0.586481, -0.01961301, -0.1003784, 0.8034797,0.9439936, -0.04230715, 0.09311607, -0.3137126,0.9947556, -0.06944813, 0.07508298, -0.0008716122,-0.1105866, -0.09568006, -0.159654, 0.976282,-0.5736701, -0.003371168, -0.1852031, 0.7978666,0.9216811, -0.1007355, 0.1554474, -0.3408701,0.9810293, -0.1416995, 0.1193013, -0.05718343,-0.1056048, -0.1740975, -0.1855661, 0.9613027,-0.5434835, -0.03914524, -0.2348087, 0.8049585,0.9026333, -0.1000116, 0.2160212, -0.3585884,0.9698142, -0.1635305, 0.1729891, -0.05284873,-0.06440353, -0.2479447, -0.2486585, 0.9341009,-0.493545, -0.02492859, -0.3021401, 0.8151707,0.8632602, -0.147138, 0.265067, -0.4035737,0.9480235, -0.2262483, 0.2017965, -0.09665052,1695797850156
0.03902273, 0.1128637, 0.4467334, 0.8866613,-0.1017581, 0.254424, 0.4627162, 0.843094,-0.330388, 0.1169053, 0.5149475, 0.7823081,-0.5000495, -0.003579851, 0.5280389, 0.6863765,-0.1119668, -0.01790529, -0.08314922, 0.9900652,-0.5866475, -0.01935181, -0.1000444, 0.8034061,0.9441089, -0.04233255, 0.09268944, -0.3134884,0.9947946, -0.06933992, 0.07466827, -0.0005975715,-0.1103362, -0.09551404, -0.1594472, 0.9763604,-0.5736995, -0.003211173, -0.1849138, 0.7979132,0.9217127, -0.1006979, 0.1551237, -0.3409432,0.9810789, -0.1415649, 0.1190076, -0.05727836,-0.1053449, -0.173926, -0.1853837, 0.9613975,-0.5435193, -0.03901759, -0.2345694, 0.8050103,0.9027131, -0.09999476, 0.2157457, -0.3585582,0.9698781, -0.1634203, 0.1727397, -0.05283216,-0.06414413, -0.2477518, -0.2485075, 0.9342101,-0.4936016, -0.02472217, -0.3018863, 0.8152367,0.8633686, -0.1471847, 0.2647323, -0.4035444,0.9481121, -0.2261735, 0.2014747, -0.09662773,1695797850173
0.03914821, 0.112616, 0.4469911, 0.8865573,-0.1017167, 0.2540498, 0.4629954, 0.8430585,-0.3303987, 0.1164289, 0.5151217, 0.78226,-0.5000147, -0.00405702, 0.5281, 0.6863521,-0.1116962, -0.01807253, -0.08292325, 0.9901116,-0.5867361, -0.01943065, -0.09989432, 0.8033581,0.9441814, -0.04218952, 0.09260923, -0.3133132,0.9948083, -0.06917907, 0.07463699, -0.0004064817,-0.1100373, -0.09565918, -0.1592441, 0.976413,-0.5736532, -0.003337645, -0.1847848, 0.7979758,0.9217223, -0.1005268, 0.1550836, -0.340986,0.9810989, -0.1413863, 0.119023, -0.05734316,-0.1050259, -0.1740608, -0.1852037, 0.9614426,-0.5434759, -0.03916355, -0.2344754, 0.8050599,0.902746, -0.0998458, 0.215739, -0.3585207,0.9698988, -0.1632812, 0.1727766, -0.05276211,-0.06380334, -0.2478558, -0.2483465, 0.9342487,-0.4935596, -0.02478346, -0.3017581, 0.8153078,0.8634089, -0.1470859, 0.2646467, -0.4035504,0.9481531, -0.2260543, 0.201424, -0.09660973,1695797850191
0.03959268, 0.1120974, 0.4473878, 0.8864033,-0.1013159, 0.2534598, 0.4634291, 0.8430461,-0.3300705, 0.1157024, 0.5153847, 0.7823331,-0.4997567, -0.004858943, 0.5281901, 0.6864655,-0.1109985, -0.01831226, -0.08261777, 0.9902112,-0.5864461, -0.01958555, -0.09972017, 0.8035877,0.9442321, -0.04200761, 0.09253684, -0.313206,0.9948227, -0.06898146, 0.0746275, -0.000317769,-0.1093019, -0.09584311, -0.1589955, 0.9765181,-0.5733116, -0.003505017, -0.1846335, 0.7982556,0.921755, -0.100376, 0.1550047, -0.3409779,0.9811275, -0.1412182, 0.1189926, -0.05733303,-0.1042665, -0.1742215, -0.185012, 0.9615331,-0.5431588, -0.03931597, -0.2343756, 0.8052955,0.9028174, -0.09978423, 0.2156868, -0.3583896,0.969933, -0.1632334, 0.172721, -0.05246234,-0.06302007, -0.2479523, -0.2482035, 0.9343143,-0.4932096, -0.02486652, -0.3016306, 0.8155642,0.8634692, -0.1470828, 0.2645108, -0.4035117,0.9482159, -0.2260454, 0.2012531, -0.09637051,1695797850207
0.03975035, 0.1120713, 0.4475223, 0.8863316,-0.1011982, 0.2533826, 0.4635956, 0.8429919,-0.32994, 0.1155838, 0.515523, 0.7823145,-0.4996696, -0.005039939, 0.5282974, 0.686445,-0.1108325, -0.01826334, -0.08248392, 0.9902419,-0.5865626, -0.019434, -0.09953436, 0.8035294,0.9443856, -0.04205028, 0.09228512, -0.3128115,0.9948443, -0.0689423, 0.07437558, 9.860111E-05,-0.1091318, -0.09578172, -0.1588767, 0.9765625,-0.5733775, -0.003443696, -0.1844913, 0.7982414,0.9218771, -0.1003815, 0.1548304, -0.3407252,0.98118, -0.1411921, 0.118801, -0.05689506,-0.1040898, -0.1741558, -0.1849087, 0.961584,-0.5432529, -0.03924279, -0.2342591, 0.8052695,0.9029904, -0.0998451, 0.2155187, -0.3580377,0.9699945, -0.1632691, 0.1725124, -0.05189652,-0.06284139, -0.2478718, -0.2481184, 0.9343703,-0.4933287, -0.02478871, -0.3015274, 0.8155327,0.8636618, -0.147163, 0.2643412, -0.4031811,0.9483029, -0.2260945, 0.2010336, -0.09585659,1695797850224
0.04013241, 0.1118249, 0.4475668, 0.886323,-0.1009211, 0.2530501, 0.4637275, 0.8430524,-0.3297901, 0.115162, 0.5155728, 0.7824072,-0.4995725, -0.005483339, 0.5282494, 0.6865491,-0.1103789, -0.01827259, -0.08250682, 0.9902905,-0.5865201, -0.01920722, -0.09951361, 0.8035685,0.9445273, -0.042268, 0.09211563, -0.3124041,0.9948507, -0.06909347, 0.07414827, 0.0005004579,-0.1086814, -0.09575562, -0.1589346, 0.9766059,-0.5732819, -0.003305386, -0.1845192, 0.7983042,0.9219635, -0.1005711, 0.1547376, -0.3404776,0.981195, -0.1413561, 0.1186454, -0.05655232,-0.1036457, -0.1741172, -0.1850018, 0.9616211,-0.5432162, -0.03907122, -0.2343272, 0.8052828,0.9031335, -0.100125, 0.2154316, -0.3576508,0.9700155, -0.1635353, 0.1723136, -0.05132357,-0.06240732, -0.2478035, -0.2482427, 0.9343845,-0.4933015, -0.02460323, -0.3016033, 0.8155267,0.8638075, -0.1474719, 0.2642384, -0.4028234,0.9483403, -0.2263899, 0.2007923, -0.09529332,1695797850243
0.04037276, 0.1116557, 0.4476621, 0.8862853,-0.1007652, 0.2527666, 0.4638825, 0.8430709,-0.3297516, 0.1147767, 0.515659, 0.7824231,-0.4995821, -0.005911468, 0.5282452, 0.6865419,-0.1100762, -0.01829683, -0.08244993, 0.9903285,-0.586615, -0.01909254, -0.09944904, 0.8035099,0.9446992, -0.04236165, 0.09197894, -0.3119116,0.9948589, -0.06914508, 0.07398374, 0.001098548,-0.1083744, -0.09575616, -0.1589019, 0.9766452,-0.5733141, -0.003261135, -0.1844929, 0.7982873,0.9221032, -0.1006487, 0.1546549, -0.3401139,0.981232, -0.1414265, 0.1185193, -0.05599535,-0.1033368, -0.1741089, -0.1849935, 0.9616574,-0.5432951, -0.03897417, -0.2343234, 0.8052353,0.9033223, -0.1002936, 0.2153315, -0.3571868,0.9700569, -0.163698, 0.1721319, -0.05062754,-0.06209894, -0.2477723, -0.2482567, 0.9344096,-0.4933903, -0.02454131, -0.3016283, 0.8154656,0.8639991, -0.1476369, 0.2641689, -0.4023973,0.9483979, -0.2265593, 0.200631, -0.09465503,1695797850260
0.04023058, 0.1117019, 0.4477733, 0.8862298,-0.1009779, 0.2527062, 0.4639894, 0.8430046,-0.3299458, 0.1146838, 0.5157463, 0.7822973,-0.4997739, -0.006046091, 0.5283087, 0.6863522,-0.1102026, -0.018344, -0.08231, 0.9903252,-0.5869544, -0.01916697, -0.09934729, 0.8032729,0.9448673, -0.0422508, 0.09193545, -0.3114299,0.9948666, -0.06903899, 0.07396536, 0.001781078,-0.1084865, -0.0958129, -0.1587536, 0.9766514,-0.5736192, -0.003378479, -0.1844103, 0.7980867,0.9222916, -0.1005271, 0.1546379, -0.3396463,0.9812935, -0.1413434, 0.1184931, -0.05517693,-0.1034353, -0.1741681, -0.1848369, 0.9616662,-0.5436239, -0.03903093, -0.2342273, 0.8050386,0.9035337, -0.1002234, 0.2152698, -0.3567086,0.9701196, -0.1636624, 0.1720477, -0.04982162,-0.06218215, -0.2478334, -0.2480933, 0.9344312,-0.4937397, -0.0246493, -0.3015622, 0.8152753,0.8642215, -0.1475355, 0.2641602, -0.4019626,0.9484821, -0.2264987, 0.2006133, -0.09399149,1695797850277
0.04038014, 0.1117345, 0.4477991, 0.8862059,-0.1008164, 0.2526631, 0.4640485, 0.8430044,-0.3298261, 0.1146026, 0.5157964, 0.7823268,-0.4997621, -0.006212019, 0.528338, 0.6863368,-0.1100897, -0.01823944, -0.08228358, 0.9903418,-0.5870366, -0.01907396, -0.09928524, 0.8032227,0.9449686, -0.04230912, 0.09182219, -0.3111477,0.9948738, -0.06906688, 0.07383186, 0.00219104,-0.1083813, -0.09570033, -0.158737, 0.9766768,-0.573759, -0.003299301, -0.1843668, 0.7979966,0.9224269, -0.1006001, 0.1545368, -0.3393032,0.9813374, -0.1414158, 0.1183366, -0.05454301,-0.1033331, -0.1740537, -0.1848306, 0.9616991,-0.543825, -0.03885319, -0.2341778, 0.8049258,0.9037177, -0.1003916, 0.2151055, -0.3562941,0.9701767, -0.1638216, 0.1717886, -0.04907512,-0.06208804, -0.2477132, -0.2481005, 0.9344674,-0.4939622, -0.02446955, -0.3015276, 0.8151587,0.8644298, -0.1477237, 0.2639989, -0.4015514,0.948566, -0.2266725, 0.2003428, -0.09330014,1695797850295
0.04042597, 0.11171, 0.447802, 0.8862054,-0.1007484, 0.2525429, 0.4640638, 0.8430401,-0.3298133, 0.1144548, 0.5157841, 0.7823619,-0.4998533, -0.006426712, 0.5282914, 0.6863043,-0.1100383, -0.01823602, -0.08228789, 0.9903473,-0.5872319, -0.01908518, -0.0993149, 0.803076,0.945071, -0.04232582, 0.09184889, -0.3108265,0.9948694, -0.06910273, 0.07384109, 0.002684265,-0.1083307, -0.09569293, -0.1587453, 0.9766818,-0.573911, -0.003331676, -0.1844075, 0.7978778,0.9225282, -0.1006153, 0.1545762, -0.3390051,0.9813614, -0.1414734, 0.1183322, -0.05396681,-0.1032835, -0.174045, -0.1848429, 0.9617037,-0.5439551, -0.03879019, -0.2341914, 0.804837,0.9038256, -0.100482, 0.2150667, -0.3560181,0.9702023, -0.1639353, 0.1716844, -0.04855061,-0.06204003, -0.2477013, -0.2481165, 0.9344695,-0.4941054, -0.02447427, -0.3015792, 0.8150526,0.8645241, -0.1477712, 0.2640316, -0.4013092,0.9485891, -0.2267587, 0.2003235, -0.09289591,1695797850312
0.04018743, 0.112006, 0.4473819, 0.886391,-0.1009252, 0.2528658, 0.4636345, 0.8431584,-0.3300485, 0.1148622, 0.5154656, 0.7824129,-0.5002453, -0.006073777, 0.5280731, 0.6861899,-0.1104528, -0.0180727, -0.08267675, 0.9902717,-0.5877114, -0.01894207, -0.09964092, 0.8026881,0.945222, -0.04262822, 0.09203233, -0.3102712,0.994837, -0.06946442, 0.07390406, 0.003486426,-0.1087837, -0.09556284, -0.1590979, 0.9765868,-0.5744377, -0.003194874, -0.1847322, 0.7974241,0.9227043, -0.100908, 0.15477, -0.3383498,0.9813573, -0.1418533, 0.11838, -0.05293019,-0.1037671, -0.1739296, -0.1851588, 0.9616117,-0.5444595, -0.03849613, -0.2344353, 0.8044389,0.9040083, -0.1008575, 0.2151037, -0.3554252,0.9702025, -0.1643624, 0.1715425, -0.04759429,-0.06255317, -0.2476324, -0.2483979, 0.9343788,-0.4946382, -0.02426218, -0.3018636, 0.8146304,0.8647071, -0.14809, 0.2641584, -0.4007135,0.9485879, -0.2271514, 0.2002811, -0.09203663,1695797850330
0.03933203, 0.1121102, 0.447358, 0.8864283,-0.1017476, 0.2529898, 0.4634494, 0.8431241,-0.3306876, 0.115126, 0.5153011, 0.7822126,-0.500899, -0.005838973, 0.5279726, 0.6857922,-0.1112285, -0.01843716, -0.08263303, 0.9901819,-0.5881509, -0.01959663, -0.09986153, 0.802323,0.945247, -0.04218881, 0.09260917, -0.3100835,0.9948006, -0.06924796, 0.07457261, 0.003922225,-0.1095211, -0.09598497, -0.1589918, 0.9764802,-0.5749243, -0.003783501, -0.1849085, 0.7970298,0.9228015, -0.1004804, 0.1552712, -0.3379822,0.9813642, -0.1416408, 0.1189258, -0.05214294,-0.1044799, -0.1743681, -0.1849887, 0.9614878,-0.5448523, -0.03901013, -0.2345049, 0.8041279,0.9040523, -0.1004098, 0.2154813, -0.3552115,0.9701889, -0.164107, 0.1719978, -0.04710757,-0.06322075, -0.2481115, -0.2481578, 0.9342706,-0.4950221, -0.02489084, -0.301954, 0.8143448,0.8647285, -0.1475271, 0.2646348, -0.4005607,0.948568, -0.2268009, 0.2008909, -0.09177682,1695797850348
0.03897273, 0.1123552, 0.4471569, 0.8865146,-0.1019835, 0.2533214, 0.4631739, 0.8431475,-0.3307761, 0.115616, 0.5151065, 0.782231,-0.5010043, -0.005328835, 0.5278952, 0.6857791,-0.1116857, -0.0184019, -0.0827838, 0.9901184,-0.5882816, -0.01966381, -0.1000046, 0.8022076,0.9451846, -0.04218704, 0.0927784, -0.3102234,0.9947851, -0.06930771, 0.07472628, 0.003877029,-0.1099892, -0.09598541, -0.1591051, 0.9764091,-0.575125, -0.003797999, -0.18502, 0.796859,0.9227879, -0.1004921, 0.1553967, -0.3379581,0.9813558, -0.1417156, 0.1190105, -0.05190366,-0.1049557, -0.174382, -0.1850643, 0.961419,-0.5450197, -0.03904499, -0.234581, 0.8039905,0.9040083, -0.1003607, 0.2155933, -0.3552694,0.9701731, -0.1641232, 0.172094, -0.04702491,-0.06369996, -0.2481624, -0.2481976, 0.9342139,-0.4951744, -0.02492625, -0.3020154, 0.8142283,0.8646642, -0.1474486, 0.2647518, -0.400651,0.9485391, -0.2267696, 0.2010228, -0.09186435,1695797850365
0.03915276, 0.112315, 0.4470356, 0.8865729,-0.1016511, 0.2534106, 0.4630429, 0.8432327,-0.3303515, 0.1158227, 0.5149862, 0.7824591,-0.5006666, -0.005118243, 0.5278252, 0.6860811,-0.111532, -0.01832863, -0.08293581, 0.9901244,-0.588002, -0.01971396, -0.1001757, 0.80239,0.9450383, -0.04223833, 0.09295017, -0.3106105,0.994768, -0.0694188, 0.07486548, 0.003572622,-0.109853, -0.09590065, -0.1592676, 0.9764063,-0.5750102, -0.003694037, -0.1851407, 0.7969144,0.9227232, -0.1006457, 0.1554387, -0.3380698,0.9813383, -0.141901, 0.1189741, -0.05181233,-0.1048352, -0.1742945, -0.1852373, 0.9614146,-0.544932, -0.0388802, -0.23469, 0.8040261,0.9039409, -0.1005491, 0.2155944, -0.3553868,0.9701576, -0.1643412, 0.1719973, -0.04693699,-0.06359809, -0.2480723, -0.2483802, 0.9341963,-0.4950311, -0.02467903, -0.3020791, 0.8142993,0.8645692, -0.1476793, 0.2646728, -0.4008231,0.9485189, -0.2269883, 0.2008412, -0.09192976,1695797850382
0.03919412, 0.1123538, 0.4470457, 0.8865611,-0.101514, 0.2535922, 0.4630232, 0.8432055,-0.330007, 0.1161377, 0.5149869, 0.7825573,-0.5003756, -0.004828559, 0.5278978, 0.6862396,-0.1115156, -0.01827479, -0.08291918, 0.9901286,-0.5878037, -0.01986076, -0.100199, 0.8025288,0.944893, -0.04211312, 0.09306327, -0.3110353,0.9947639, -0.06934522, 0.07500351, 0.00325011,-0.1098401, -0.09584594, -0.1592529, 0.9764155,-0.5749725, -0.003667261, -0.1851035, 0.7969504,0.9226888, -0.1006363, 0.1553998, -0.3381843,0.9813535, -0.1419138, 0.1189001, -0.05165794,-0.1048232, -0.1742399, -0.1852246, 0.9614283,-0.5449718, -0.03882509, -0.2346547, 0.8040122,0.9039136, -0.1005429, 0.2155489, -0.3554855,0.970173, -0.1643558, 0.1719226, -0.04684131,-0.06358921, -0.2480175, -0.2483715, 0.9342138,-0.4950227, -0.0245516, -0.3020044, 0.8143359,0.8645447, -0.1477185, 0.2645538, -0.40094,0.9485423, -0.2270029, 0.2006966, -0.09196778,1695797850399
0.039216, 0.1123333, 0.4469554, 0.8866082,-0.1014295, 0.2537079, 0.4629128, 0.8432414,-0.3297456, 0.1164044, 0.5148845, 0.7826953,-0.5001585, -0.00454993, 0.5278592, 0.6864296,-0.1115003, -0.01827184, -0.08302403, 0.9901216,-0.5876017, -0.01986865, -0.1003008, 0.8026638,0.9447547, -0.0421502, 0.0931578, -0.3114218,0.9947547, -0.06941053, 0.07508124, 0.002843365,-0.1098323, -0.09584175, -0.1593575, 0.9763997,-0.5748801, -0.003603567, -0.1851812, 0.7969992,0.9226125, -0.1007201, 0.1554366, -0.3383505,0.9813364, -0.1420205, 0.1188918, -0.05170939,-0.1048236, -0.1742357, -0.185329, 0.9614089,-0.5449258, -0.03878247, -0.2347432, 0.8040195,0.9038214, -0.1005927, 0.2156144, -0.3556661,0.9701487, -0.1644424, 0.171951, -0.04693743,-0.0635971, -0.2480162, -0.2484739, 0.9341863,-0.4949457, -0.02443234, -0.3020497, 0.8143696,0.8644325, -0.1477986, 0.2645497, -0.4011552,0.9485103, -0.227083, 0.2006596, -0.09217994,1695797850416
0.03938469, 0.1124829, 0.4468041, 0.8866581,-0.1011556, 0.2539167, 0.4627827, 0.8432829,-0.3294596, 0.1166634, 0.5148118, 0.7828249,-0.4998888, -0.00426506, 0.5278479, 0.6866364,-0.1114575, -0.01804136, -0.08316982, 0.9901184,-0.5875892, -0.01955143, -0.1002984, 0.8026811,0.9446849, -0.0423861, 0.09298088, -0.3116544,0.9947619, -0.06957608, 0.07484113, 0.002568369,-0.1098195, -0.09560955, -0.1595063, 0.9763996,-0.5748556, -0.003305822, -0.1851862, 0.7970171,0.9225214, -0.1009325, 0.1552981, -0.3385992,0.9813254, -0.1421894, 0.1186888, -0.05191805,-0.1048304, -0.1740058, -0.1854813, 0.9614204,-0.5449416, -0.03850423, -0.234769, 0.8040147,0.9037381, -0.1007802, 0.215505, -0.3558909,0.9701418, -0.1645846, 0.1717875, -0.04717888,-0.06363134, -0.2477949, -0.2486348, 0.9341999,-0.4949777, -0.02409671, -0.3020607, 0.814356,0.8643537, -0.1480191, 0.2644081, -0.4013369,0.9484881, -0.2272265, 0.200473, -0.09246124,1695797850432
0.03970376, 0.1123654, 0.4466438, 0.8867395,-0.1007762, 0.2538097, 0.4626729, 0.8434208,-0.3291636, 0.1165705, 0.5146813, 0.783049,-0.4996663, -0.004336606, 0.5276995, 0.6869119,-0.1111534, -0.01795557, -0.08338832, 0.9901358,-0.587456, -0.01929768, -0.1004406, 0.8027669,0.9446355, -0.04267795, 0.09294788, -0.3117743,0.994753, -0.06984013, 0.07471997, 0.002406485,-0.1095394, -0.09550062, -0.1597462, 0.9764025,-0.5746829, -0.003100187, -0.1853512, 0.7971041,0.9224143, -0.1011894, 0.1553234, -0.3388025,0.9812794, -0.1424344, 0.118647, -0.0522106,-0.1045731, -0.1738903, -0.1857427, 0.9614189,-0.5447615, -0.03826624, -0.2349404, 0.804098,0.9036161, -0.101061, 0.2155179, -0.3561131,0.970095, -0.1648456, 0.1717184, -0.04748032,-0.06340098, -0.2476696, -0.2489149, 0.9341742,-0.4947817, -0.02388085, -0.3022453, 0.814413,0.8641908, -0.1482802, 0.2644532, -0.4015618,0.9484006, -0.2274703, 0.2004489, -0.0928102,1695797850450
0.03937979, 0.1122695, 0.44657, 0.8868032,-0.1011299, 0.25368, 0.4625501, 0.8434848,-0.3294479, 0.1165278, 0.5145167, 0.783044,-0.4999138, -0.004318861, 0.5275296, 0.6868625,-0.1113877, -0.01820171, -0.08347042, 0.9900981,-0.5876818, -0.01948, -0.1006277, 0.8025738,0.9446114, -0.04260976, 0.09321915, -0.3117754,0.9947304, -0.06986676, 0.07499358, 0.002473401,-0.1097571, -0.09576312, -0.1598073, 0.9763424,-0.5748748, -0.003308363, -0.1855408, 0.7969207,0.9223777, -0.1010804, 0.1556249, -0.3387964,0.9812474, -0.1424298, 0.1189543, -0.05212606,-0.1047857, -0.1741563, -0.1857817, 0.9613401,-0.5448977, -0.03848574, -0.2351066, 0.8039466,0.9035169, -0.1008972, 0.2158147, -0.3562315,0.9700387, -0.1647846, 0.1720531, -0.04763007,-0.06359639, -0.2479478, -0.2489237, 0.9340848,-0.4949134, -0.02411968, -0.3024041, 0.814267,0.8640723, -0.1480734, 0.2647721, -0.4016829,0.9483224, -0.2273666, 0.2008343, -0.09303015,1695797850468
0.03988004, 0.1119811, 0.4464901, 0.8868576,-0.1006043, 0.2533745, 0.4625488, 0.8436401,-0.328973, 0.1162427, 0.5144295, 0.7833433,-0.4995654, -0.004611313, 0.5273792, 0.6872295,-0.1108319, -0.01817174, -0.08364569, 0.9901462,-0.5873761, -0.01934592, -0.1007968, 0.8027796,0.9444888, -0.04281913, 0.093278, -0.3121005,0.9947167, -0.07008217, 0.074985, 0.002101956,-0.109219, -0.09569008, -0.1600238, 0.9763744,-0.5745904, -0.003138812, -0.1857097, 0.7970872,0.9222355, -0.1013156, 0.1556698, -0.3390925,0.9811937, -0.1426562, 0.1189417, -0.05254567,-0.1042678, -0.1740689, -0.1860396, 0.9613623,-0.5446085, -0.03824549, -0.235286, 0.8041016,0.9033508, -0.1011879, 0.2158315, -0.3565602,0.9699838, -0.1650546, 0.1719861, -0.04805492,-0.06310359, -0.2478307, -0.2492171, 0.934071,-0.4946057, -0.0238244, -0.3025649, 0.8144029,0.8638679, -0.1483923, 0.2647506, -0.4020189,0.948239, -0.2276568, 0.2007126, -0.0934324,1695797850485
0.03996111, 0.1118272, 0.4463896, 0.886924,-0.1006071, 0.2531325, 0.4624926, 0.8437433,-0.3290186, 0.116016, 0.5143109, 0.7834356,-0.4996099, -0.004788728, 0.527212, 0.6873242,-0.1107002, -0.018249, -0.08379214, 0.9901471,-0.5874681, -0.01934021, -0.1009843, 0.8026888,0.9444973, -0.04292866, 0.09342915, -0.3120142,0.9946975, -0.07023671, 0.07509115, 0.002224688,-0.1090915, -0.09575644, -0.1601781, 0.9763569,-0.5746585, -0.003138676, -0.1859028, 0.7969931,0.9222172, -0.1014135, 0.1558364, -0.3390366,0.9811564, -0.1427915, 0.119081, -0.052559,-0.10415, -0.1741311, -0.1862012, 0.9613326,-0.5446711, -0.0381723, -0.2354638, 0.8040106,0.9033145, -0.1013265, 0.2159474, -0.3565424,0.9699423, -0.165218, 0.1720563, -0.04807835,-0.06299258, -0.2478876, -0.2493802, 0.9340199,-0.4946615, -0.02374011, -0.3027363, 0.8143077,0.8638066, -0.1485216, 0.2648664, -0.4020265,0.9481828, -0.227815, 0.2007815, -0.09346976,1695797850502
0.0402516, 0.1118275, 0.4464378, 0.8868865,-0.1003605, 0.2530024, 0.462616, 0.843744,-0.3288936, 0.1157835, 0.5144104, 0.7834572,-0.4995068, -0.005048339, 0.5272555, 0.6873639,-0.110449, -0.01809891, -0.08375551, 0.990181,-0.5875016, -0.01925197, -0.10092, 0.8026745,0.9445239, -0.04296538, 0.0933245, -0.3119601,0.9947055, -0.07024232, 0.07497669, 0.002334889,-0.1088519, -0.09558794, -0.1601625, 0.9764026,-0.5746328, -0.003016409, -0.1858291, 0.7970293,0.9222313, -0.1014807, 0.1557024, -0.3390396,0.9811653, -0.1428039, 0.118948, -0.05265944,-0.1039158, -0.1739576, -0.1862075, 0.9613881,-0.5446533, -0.03797027, -0.2353879, 0.8040545,0.9033341, -0.1014562, 0.215768, -0.3565644,0.9699643, -0.1652703, 0.1718573, -0.04816663,-0.06277189, -0.2476999, -0.2494121, 0.9340761,-0.4946579, -0.02352932, -0.3026728, 0.8143397,0.8638269, -0.1486652, 0.2646944, -0.402043,0.9482047, -0.2278878, 0.2005782, -0.0935058,1695797850519
0.0400344, 0.1119264, 0.4465127, 0.8868462,-0.1004786, 0.2530709, 0.4626299, 0.8437018,-0.3290388, 0.115817, 0.5144489, 0.7833659,-0.499584, -0.004991319, 0.5273011, 0.6872733,-0.1106709, -0.01813801, -0.08364069, 0.9901652,-0.5877261, -0.01939306, -0.1008525, 0.8025152,0.9445699, -0.04279812, 0.09335761, -0.3118338,0.9947091, -0.0700997, 0.07505568, 0.002543856,-0.1090614, -0.09564407, -0.1600316, 0.9763952,-0.5748253, -0.003139709, -0.1857487, 0.7969087,0.9222875, -0.101317, 0.1557155, -0.3389297,0.9811872, -0.1426525, 0.1190072, -0.05252766,-0.1041128, -0.1740189, -0.1860605, 0.9613841,-0.5448225, -0.03809331, -0.2352926, 0.8039619,0.9033824, -0.1012771, 0.2157699, -0.3564921,0.9699845, -0.1650929, 0.1719244, -0.04812925,-0.06295391, -0.2477707, -0.2492512, 0.934088,-0.4948311, -0.0236809, -0.3025879, 0.8142616,0.863879, -0.14846, 0.264726, -0.4019862,0.9482267, -0.2276868, 0.2006962, -0.09351923,1695797850538
0.03964774, 0.1123092, 0.4467377, 0.8867018,-0.1007571, 0.2533953, 0.4627678, 0.8434956,-0.3293016, 0.1160568, 0.5146785, 0.7830691,-0.4996604, -0.004724806, 0.5275802, 0.6870053,-0.1111577, -0.01804188, -0.08329328, 0.9901417,-0.5882028, -0.01951684, -0.1004986, 0.8022073,0.9446767, -0.04246118, 0.09315541, -0.3116168,0.9947416, -0.06972355, 0.07496338, 0.002881874,-0.1095298, -0.09558669, -0.1596515, 0.9764107,-0.5752143, -0.003251352, -0.1853771, 0.7967141,0.9224026, -0.1009713, 0.1554993, -0.338819,0.9812659, -0.1422615, 0.1188988, -0.05236398,-0.1045532, -0.1739751, -0.1856482, 0.9614239,-0.5451487, -0.03826926, -0.2349157, 0.8038426,0.9034946, -0.1008649, 0.2155834, -0.3564373,0.9700679, -0.1646235, 0.1718983, -0.04814974,-0.06336834, -0.2477489, -0.2488193, 0.9341809,-0.4951689, -0.02385981, -0.3022145, 0.8141897,0.8640314, -0.1480455, 0.2645476, -0.401929,0.9483353, -0.2272016, 0.2007045, -0.09358015,1695797850556
0.04007007, 0.1122991, 0.4470249, 0.8865393,-0.1002638, 0.2533028, 0.4631014, 0.843399,-0.3290415, 0.1157176, 0.5150093, 0.7830112,-0.4992532, -0.005022576, 0.5278257, 0.6871106,-0.1107546, -0.01785338, -0.08300334, 0.9902147,-0.588074, -0.0193797, -0.1001413, 0.8023498,0.9446465, -0.04236301, 0.09278597, -0.3118318,0.9947811, -0.06950636, 0.0746507, 0.002571037,-0.109125, -0.09536839, -0.1593981, 0.9765188,-0.5749621, -0.003091259, -0.1850138, 0.7969811,0.9223121, -0.1008868, 0.1551177, -0.3392649,0.9812992, -0.1420425, 0.11859, -0.05303116,-0.1041376, -0.1737473, -0.1854326, 0.9615518,-0.5449101, -0.03815478, -0.2346084, 0.8040996,0.9034464, -0.1007884, 0.2152639, -0.3567741,0.9701167, -0.1644013, 0.1716656, -0.04875231,-0.06295534, -0.2474883, -0.2486498, 0.934323,-0.494967, -0.02364063, -0.3018855, 0.8144408,0.8640269, -0.1480607, 0.2641435, -0.4021986,0.9484003, -0.2270398, 0.2003664, -0.09403764,1695797850573
0.04006249, 0.1123612, 0.4469844, 0.8865523,-0.1001615, 0.2533285, 0.4630444, 0.8434348,-0.329169, 0.115616, 0.5149936, 0.7829829,-0.4992361, -0.005014275, 0.5277882, 0.687152,-0.1107988, -0.01780108, -0.08303492, 0.990208,-0.5882822, -0.01922278, -0.1001132, 0.8022044,0.9446838, -0.0424602, 0.09267847, -0.3117375,0.9947869, -0.06956068, 0.07452168, 0.002619725,-0.1091756, -0.09531989, -0.1594262, 0.9765133,-0.575003, -0.002980464, -0.1849916, 0.7969573,0.9222714, -0.1009383, 0.1550556, -0.3393887,0.981288, -0.1420543, 0.1185384, -0.05331986,-0.1041919, -0.1737008, -0.1854573, 0.9615496,-0.5449297, -0.03810899, -0.2346082, 0.8040885,0.9034098, -0.1007981, 0.2152511, -0.3568716,0.970101, -0.1643634, 0.1716916, -0.04909952,-0.06301469, -0.2474473, -0.2486726, 0.9343238,-0.4950157, -0.0236291, -0.3019076, 0.8144034,0.8639925, -0.148047, 0.2641754, -0.4022568,0.9483631, -0.2269865, 0.2004586, -0.09434439,1695797850591
0.03967161, 0.1123964, 0.4468886, 0.8866137,-0.1005257, 0.2533431, 0.462882, 0.8434762,-0.3296466, 0.1155985, 0.5148587, 0.7828733,-0.4995193, -0.004880167, 0.5276539, 0.6870502,-0.1111596, -0.01796993, -0.08311084, 0.9901582,-0.5885982, -0.01920198, -0.1001906, 0.8019634,0.944681, -0.04248627, 0.09274583, -0.3117226,0.9947795, -0.06960618, 0.07457782, 0.00262617,-0.1095253, -0.09551553, -0.1594718, 0.9764475,-0.5751193, -0.003067242, -0.1850872, 0.7968507,0.9221691, -0.1008561, 0.1552248, -0.3396138,0.9812464, -0.1420034, 0.1187507, -0.05374755,-0.1045375, -0.1739044, -0.1854718, 0.9614725,-0.5449831, -0.03834166, -0.2347173, 0.8040094,0.9032644, -0.10058, 0.2155133, -0.357143,0.9700341, -0.1641854, 0.1720624, -0.04971434,-0.06334567, -0.2476733, -0.2486515, 0.9342471,-0.4950985, -0.02395017, -0.3020457, 0.8142925,0.8638247, -0.1477417, 0.2645329, -0.4024943,0.9482477, -0.2267412, 0.2009817, -0.09497889,1695797850607
0.03886538, 0.1122334, 0.4469161, 0.8866562,-0.1013072, 0.2532001, 0.4627395, 0.8435038,-0.3303163, 0.115559, 0.5146691, 0.7827215,-0.500024, -0.004788766, 0.5274611, 0.6868318,-0.1117497, -0.01853884, -0.08306741, 0.9900849,-0.5887135, -0.0196932, -0.1003656, 0.801845,0.9445252, -0.04213361, 0.09319781, -0.3121074,0.9947534, -0.06941167, 0.07512052, 0.002176505,-0.1100607, -0.09612616, -0.1593791, 0.9763425,-0.5751241, -0.003642841, -0.1852655, 0.7968034,0.9219789, -0.1004014, 0.1557438, -0.340027,0.9811759, -0.1416991, 0.1194067, -0.05438032,-0.105043, -0.1745236, -0.1853276, 0.961333,-0.5448897, -0.03909311, -0.2348755, 0.8039903,0.9029815, -0.09993041, 0.2161219, -0.3576726,0.9699185, -0.163707, 0.1729011, -0.05062858,-0.0637949, -0.2483153, -0.2484415, 0.934102,-0.4950149, -0.02479604, -0.3022084, 0.8142576,0.8634986, -0.1469722, 0.2652243, -0.4030205,0.9480772, -0.2261665, 0.2019739, -0.09594194,1695797850624
0.03844978, 0.1119874, 0.4468756, 0.8867258,-0.1016287, 0.2530526, 0.462577, 0.8435985,-0.3305261, 0.1155445, 0.5144536, 0.7827767,-0.5001771, -0.004704853, 0.5272484, 0.6868841,-0.1119794, -0.0189636, -0.08313796, 0.990045,-0.5884117, -0.01995528, -0.1005572, 0.8020359,0.9442766, -0.04199718, 0.09352112, -0.3127808,0.9947304, -0.06936932, 0.07548417, 0.001261209,-0.1102577, -0.09656562, -0.1594279, 0.9762689,-0.5748124, -0.003986892, -0.1854728, 0.7969784,0.9217129, -0.1001836, 0.1561388, -0.3406307,0.981082, -0.1415701, 0.1198915, -0.0553356,-0.1052277, -0.1749639, -0.1853531, 0.9612278,-0.5445338, -0.03960766, -0.2350893, 0.8041437,0.902648, -0.09954948, 0.2166233, -0.3583167,0.9697919, -0.1634513, 0.1735495, -0.05165208,-0.06394873, -0.2487625, -0.2484296, 0.9339756,-0.4946488, -0.02529967, -0.3023845, 0.8143992,0.8631194, -0.14655, 0.2657058, -0.4036687,0.9479047, -0.2258676, 0.2026333, -0.09695472,1695797850640
0.03825225, 0.1114393, 0.4472226, 0.8866284,-0.1018244, 0.2525654, 0.4628184, 0.8435885,-0.3304918, 0.115154, 0.5145189, 0.7828059,-0.5001048, -0.005065022, 0.5272234, 0.6869534,-0.1118135, -0.01956463, -0.08285588, 0.9900757,-0.5878185, -0.02063657, -0.1005915, 0.8024493,0.9439547, -0.04143844, 0.09395409, -0.3136958,0.9947138, -0.06896486, 0.07608129, 0.0001483188,-0.110022, -0.09714951, -0.1591584, 0.9762816,-0.5742932, -0.004617529, -0.1854868, 0.797346,0.9214562, -0.09965383, 0.1565114, -0.341309,0.9810212, -0.1411423, 0.1204389, -0.05630857,-0.1049512, -0.1755344, -0.1850948, 0.9612039,-0.5439875, -0.04032632, -0.2351091, 0.8044719,0.9023272, -0.09893399, 0.2170589, -0.3590308,0.9697055, -0.1629732, 0.1741903, -0.0526189,-0.06361288, -0.2492957, -0.2481654, 0.9339266,-0.4940502, -0.02596568, -0.302346, 0.8147559,0.8627506, -0.1459294, 0.2660675, -0.404443,0.9477983, -0.2253735, 0.2032095, -0.09793432,1695797850658
0.03820296, 0.1110775, 0.4473153, 0.8866292,-0.1018089, 0.2523131, 0.462845, 0.8436514,-0.3302682, 0.1150527, 0.5144417, 0.7829659,-0.4999431, -0.00516116, 0.5271249, 0.6871459,-0.1116562, -0.01990524, -0.08282433, 0.9900893,-0.5872856, -0.02093462, -0.1007036, 0.8028176,0.9437068, -0.04125233, 0.0942216, -0.3143853,0.9946959, -0.06886038, 0.07640492, -0.0007439913,-0.1098344, -0.0974754, -0.1591372, 0.9762737,-0.5738993, -0.004879301, -0.185591, 0.7976038,0.9212801, -0.09949789, 0.1567418, -0.3417239,0.9809624, -0.1410352, 0.1207348, -0.05696438,-0.1047507, -0.1758514, -0.185083, 0.9611701,-0.5436329, -0.04066362, -0.2352352, 0.8046578,0.9021193, -0.09871439, 0.2173582, -0.3594323,0.9696304, -0.1628404, 0.1745626, -0.053177,-0.06338865, -0.249592, -0.2481508, 0.9338666,-0.4936568, -0.02620822, -0.3024066, 0.814964,0.8625074, -0.1457407, 0.2662636, -0.4049004,0.9477149, -0.225251, 0.2034665, -0.09848764,1695797850676
0.03787827, 0.111007, 0.4470568, 0.8867823,-0.1022003, 0.2523653, 0.4625451, 0.8437529,-0.3304389, 0.1153388, 0.5141335, 0.7830542,-0.500192, -0.004860279, 0.5268896, 0.6871476,-0.1119317, -0.02011261, -0.08310423, 0.9900305,-0.5870511, -0.02100017, -0.1010082, 0.8029491,0.9435275, -0.04135605, 0.09451637, -0.3148208,0.9946631, -0.06904316, 0.0766597, -0.00132553,-0.1101099, -0.09770247, -0.1593905, 0.9761786,-0.5738814, -0.004991597, -0.185918, 0.7975398,0.9211961, -0.09957179, 0.1570856, -0.3417709,0.980889, -0.141192, 0.1210587, -0.05715141,-0.105037, -0.1760841, -0.1853084, 0.9610528,-0.5436375, -0.04081681, -0.2355432, 0.8045568,0.9019814, -0.09870958, 0.2177224, -0.3595595,0.9695389, -0.162948, 0.174913, -0.05336329,-0.06367292, -0.2498481, -0.2483386, 0.9337289,-0.4936419, -0.02630462, -0.3026647, 0.8148741,0.8623324, -0.1457292, 0.2665724, -0.405074,0.9476092, -0.2253467, 0.2037565, -0.09868608,1695797850695
0.03772914, 0.1112743, 0.4471465, 0.8867099,-0.1023869, 0.2526753, 0.4626193, 0.8435968,-0.3303941, 0.1157354, 0.5142633, 0.7829293,-0.5001035, -0.00449106, 0.5271065, 0.6870481,-0.1121801, -0.01997471, -0.08294266, 0.9900188,-0.5868708, -0.02098924, -0.1007689, 0.8031113,0.9433944, -0.04120246, 0.09432537, -0.3152968,0.9946865, -0.06882677, 0.07653622, -0.001954631,-0.1103576, -0.09758498, -0.1592126, 0.9761915,-0.5738612, -0.004974928, -0.1856806, 0.7976097,0.9211701, -0.09943107, 0.1568933, -0.3419702,0.9809111, -0.1409773, 0.120944, -0.05754384,-0.1052748, -0.1759747, -0.1851147, 0.9610841,-0.5436148, -0.04088091, -0.2353141, 0.8046359,0.9019407, -0.09848757, 0.2175872, -0.3598042,0.9695702, -0.1626679, 0.1748804, -0.05375551,-0.06390497, -0.2497529, -0.2481383, 0.9337918,-0.4936307, -0.02627609, -0.3023953, 0.8149819,0.8623236, -0.1455649, 0.2663536, -0.4052958,0.9476686, -0.2251088, 0.2036158, -0.09894848,1695797850710
0.0379436, 0.1115144, 0.4471926, 0.8866473,-0.1021321, 0.2529752, 0.4626993, 0.8434939,-0.3299924, 0.1160862, 0.5144036, 0.7829546,-0.4997287, -0.004189623, 0.5273229, 0.6871566,-0.1121157, -0.01966237, -0.08285566, 0.9900396,-0.5866398, -0.02078081, -0.1005371, 0.8033145,0.9433436, -0.04124424, 0.09401309, -0.3155365,0.9947137, -0.06876127, 0.07623278, -0.002286186,-0.1103142, -0.09726999, -0.1591339, 0.9762406,-0.5738117, -0.004710416, -0.1854424, 0.7977024,0.9212211, -0.09953627, 0.1565363, -0.3419659,0.9809496, -0.1409546, 0.1205939, -0.05767785,-0.1052366, -0.1756619, -0.1850456, 0.9611588,-0.5435982, -0.04064095, -0.2351027, 0.8047211,0.9020193, -0.09859407, 0.2172653, -0.3597724,0.9696332, -0.1626618, 0.1745455, -0.05372543,-0.06388509, -0.2494407, -0.2480903, 0.9338893,-0.493586, -0.02596807, -0.302162, 0.8151053,0.8624371, -0.1457462, 0.2659591, -0.4052482,0.9477698, -0.2251701, 0.2031616, -0.09877346,1695797850729
0.0383701, 0.111526, 0.4473828, 0.8865316,-0.1017089, 0.253026, 0.4629499, 0.8433923,-0.3294802, 0.116117, 0.5146471, 0.7830058,-0.4992948, -0.004255988, 0.5275667, 0.6872844,-0.1117348, -0.01944415, -0.08266878, 0.9901026,-0.5862574, -0.0206837, -0.1002818, 0.803628,0.9432698, -0.04119247, 0.09374135, -0.3158446,0.9947404, -0.06861956, 0.07599747, -0.002693058,-0.1099411, -0.0970239, -0.1589807, 0.9763321,-0.5735438, -0.004521997, -0.1851685, 0.7979597,0.9212279, -0.09957891, 0.156179, -0.3420985,0.9809886, -0.1408778, 0.1202551, -0.05790988,-0.1048613, -0.1754077, -0.1849273, 0.961269,-0.5433269, -0.04047278, -0.2348675, 0.8049814,0.9020414, -0.09866117, 0.2169488, -0.3598895,0.9696903, -0.1626208, 0.1742276, -0.05385024,-0.06352091, -0.2491598, -0.2480147, 0.9340092,-0.4932809, -0.0257734, -0.3019254, 0.8153838,0.8624746, -0.1458671, 0.2656049, -0.4053571,0.9478514, -0.2251887, 0.202764, -0.09876556,1695797850746
0.03855, 0.1115367, 0.44762, 0.8864027,-0.1014881, 0.2530771, 0.4631871, 0.8432733,-0.3291247, 0.1161736, 0.5148728, 0.7829984,-0.4989673, -0.004267788, 0.5277993, 0.6873437,-0.1115535, -0.01936218, -0.08241589, 0.9901457,-0.5860926, -0.02076817, -0.100043, 0.8037758,0.9432443, -0.0409922, 0.09359248, -0.315991,0.9947622, -0.06838077, 0.0759209, -0.002864024,-0.1097505, -0.09692859, -0.1587459, 0.9764013,-0.573443, -0.004534272, -0.1849116, 0.7980917,0.9212594, -0.0994443, 0.1559606, -0.3421524,0.9810305, -0.140677, 0.1200952, -0.05801957,-0.1046565, -0.1753077, -0.1847112, 0.9613512,-0.5431941, -0.04048592, -0.2346236, 0.8051415,0.9020856, -0.09855159, 0.216737, -0.3599364,0.9697435, -0.1624379, 0.1740727, -0.05394535,-0.06330885, -0.2490404, -0.247823, 0.9341063,-0.4931297, -0.02582334, -0.3017044, 0.8155555,0.8625414, -0.1457669, 0.2654136, -0.4053764,0.9479238, -0.2250373, 0.2026095, -0.09873267,1695797850764
0.03870546, 0.1115709, 0.4475747, 0.8864145,-0.1013368, 0.2531922, 0.4631682, 0.8432673,-0.3288525, 0.1163718, 0.5148677, 0.7830868,-0.4987707, -0.004110813, 0.5278392, 0.6874567,-0.1114472, -0.01924635, -0.08246785, 0.9901556,-0.5859762, -0.02060247, -0.1000179, 0.803868,0.9432883, -0.04113804, 0.09346493, -0.3158785,0.9947686, -0.0684807, 0.0757524, -0.002721304,-0.1096581, -0.09680532, -0.1588062, 0.9764141,-0.573443, -0.004379373, -0.1849038, 0.7980943,0.9213393, -0.09960421, 0.1558448, -0.3419434,0.9810443, -0.1407928, 0.1199416, -0.05782311,-0.1045733, -0.1751832, -0.1847803, 0.9613696,-0.5431833, -0.0403276, -0.2346263, 0.805156,0.9021775, -0.09873974, 0.2166247, -0.3597221,0.9697648, -0.1625882, 0.173899, -0.05366995,-0.06323975, -0.2489138, -0.2479033, 0.9341235,-0.4930851, -0.02573545, -0.3017392, 0.8155723,0.8626357, -0.1459393, 0.2653499, -0.4051553,0.9479531, -0.225206, 0.2024626, -0.09836705,1695797850782
0.03910738, 0.1116505, 0.4475269, 0.886411,-0.1010245, 0.2533408, 0.4632174, 0.8432332,-0.3285207, 0.1165156, 0.5149525, 0.7831489,-0.4985124, -0.004028956, 0.5279543, 0.6875561,-0.1111573, -0.01896092, -0.08252747, 0.9901888,-0.5857908, -0.02033628, -0.09995282, 0.804018,0.9433417, -0.0413521, 0.09324233, -0.3157568,0.9947808, -0.06860795, 0.07547899, -0.002665558,-0.1093982, -0.09649943, -0.1588896, 0.9764599,-0.5733437, -0.004088853, -0.1848437, 0.7981811,0.9214287, -0.0998678, 0.1555967, -0.3417385,0.9810666, -0.1409654, 0.1196356, -0.05765836,-0.1043312, -0.1748733, -0.1848885, 0.9614315,-0.5431117, -0.03997039, -0.2345741, 0.8052373,0.9023052, -0.09909053, 0.2163416, -0.3594755,0.96981, -0.1628393, 0.1735108, -0.05334669,-0.06302826, -0.2485943, -0.2480429, 0.9341857,-0.4930012, -0.02539026, -0.3017076, 0.8156456,0.8627918, -0.1463303, 0.2650652, -0.4048682,0.9480221, -0.2255147, 0.2020278, -0.09788813,1695797850798
0.03941303, 0.1116023, 0.4477196, 0.8863062,-0.1007179, 0.2533028, 0.4634467, 0.8431553,-0.3282307, 0.116399, 0.5151664, 0.7831472,-0.4982767, -0.004227471, 0.5281357, 0.6875864,-0.1108469, -0.01885758, -0.08234271, 0.9902409,-0.585674, -0.02034083, -0.09976967, 0.8041257,0.9434448, -0.04128231, 0.09307797, -0.3155063,0.9947996, -0.06848329, 0.07535102, -0.002483388,-0.1090857, -0.09637281, -0.1587322, 0.976533,-0.5732473, -0.00405508, -0.1846575, 0.7982937,0.921553, -0.09985613, 0.1553821, -0.3415043,0.9811152, -0.1408876, 0.1194384, -0.05743021,-0.1040118, -0.174739, -0.1847592, 0.9615154,-0.5430069, -0.03987584, -0.2343939, 0.8053651,0.9024717, -0.09917602, 0.2160896, -0.3591856,0.969878, -0.1628483, 0.1732368, -0.05297261,-0.06271031, -0.2484351, -0.247946, 0.9342752,-0.4928794, -0.02531186, -0.3015454, 0.8157816,0.8629954, -0.1464556, 0.2648038, -0.4045598,0.9481279, -0.2255785, 0.2017044, -0.09738109,1695797850816
0.0398704, 0.111371, 0.4477268, 0.8863112,-0.1002879, 0.2530307, 0.4635362, 0.843239,-0.3279501, 0.1160404, 0.5151941, 0.7832997,-0.4980832, -0.004617296, 0.5280805, 0.6877666,-0.1103433, -0.01881048, -0.0824079, 0.9902926,-0.5855406, -0.02022455, -0.09983291, 0.804218,0.9435366, -0.0414571, 0.09304274, -0.315219,0.9947961, -0.06863242, 0.07526774, -0.002256752,-0.1085933, -0.09628686, -0.1588361, 0.9765794,-0.5730929, -0.003943641, -0.1847361, 0.7983868,0.921611, -0.1000533, 0.1553458, -0.3413067,0.9811109, -0.1410615, 0.1193509, -0.05725829,-0.1035314, -0.1746401, -0.1849022, 0.9615577,-0.5428421, -0.03965593, -0.2344719, 0.8054643,0.9025665, -0.09950687, 0.2159816, -0.3589207,0.9698849, -0.1631322, 0.1730247, -0.05266524,-0.0622479, -0.2483062, -0.248125, 0.9342929,-0.4927074, -0.02517177, -0.3016717, 0.8158431,0.8630924, -0.1467769, 0.2647564, -0.4042675,0.9481356, -0.2258923, 0.2015244, -0.09695061,1695797850832
0.04041133, 0.1112366, 0.4476686, 0.886333,-0.09978827, 0.2529152, 0.4635835, 0.8433069,-0.3276542, 0.1158074, 0.5152324, 0.7834328,-0.4978853, -0.004898875, 0.5280642, 0.6879204,-0.1098287, -0.01863087, -0.08252998, 0.990343,-0.5854175, -0.01988594, -0.09984888, 0.8043141,0.9437009, -0.04180368, 0.09283157, -0.3147433,0.9948021, -0.06888548, 0.07496692, -0.001878938,-0.1081053, -0.09606847, -0.1589979, 0.9766288,-0.5729651, -0.003665664, -0.184793, 0.7984667,0.9217368, -0.1004007, 0.1551824, -0.340939,0.9811212, -0.1413407, 0.1190995, -0.05691374,-0.1030645, -0.1744103, -0.1851044, 0.9616107,-0.5427799, -0.03926635, -0.2345446, 0.8055041,0.9027681, -0.1000083, 0.2157577, -0.3584087,0.9699174, -0.1635511, 0.1726386, -0.05203139,-0.0618126, -0.2480513, -0.248368, 0.9343249,-0.4926377, -0.02484572, -0.3017918, 0.8158507,0.8633053, -0.1472894, 0.2645779, -0.4037429,0.9481817, -0.2263551, 0.2011442, -0.09620664,1695797850849
